1476711240,117.1100,117.8400,117.0000,117.4600,1639100
1476711598,116.9500,117.2000,116.8500,117.0600,854500
1476711840,117.1000,117.3000,116.9300,116.9400,749000
1476712199,117.1600,117.2400,117.0200,117.1000,429000
1476712440,116.9499,117.3000,116.9200,117.1600,580800
1476712740,116.9150,117.0400,116.9000,116.9400,541400
1476713040,116.8400,116.9600,116.7800,116.9200,550700
1476713340,117.0300,117.0800,116.8000,116.8327,442300
1476713699,117.0800,117.1400,117.0362,117.0362,332800
1476713940,117.0100,117.1700,116.9900,117.0700,283200
1476714299,117.2398,117.2500,116.9200,117.0100,336100
1476714599,117.3444,117.3800,117.2400,117.2400,402000
1476714899,117.2700,117.4000,117.2600,117.3500,243200
1476715197,117.2950,117.3600,117.2200,117.2700,254900
1476715441,117.3895,117.4600,117.2800,117.3000,277200
1476715740,117.4388,117.4450,117.3400,117.3850,202000
1476716045,117.3600,117.4350,117.2900,117.4300,198700
1476716344,117.3250,117.3650,117.2600,117.3600,274900
1476716640,117.5000,117.5300,117.3300,117.3300,294500
1476716941,117.4050,117.5600,117.3400,117.5001,269200
1476717241,117.3600,117.4000,117.2800,117.4000,217700
1476717599,117.2858,117.3500,117.2401,117.3500,189900
1476717843,117.2000,117.3200,117.1800,117.2850,208300
1476718140,117.0901,117.2100,117.0000,117.2000,284400
1476718498,117.1150,117.1800,117.0300,117.0900,399600
1476718742,117.1001,117.1151,117.0300,117.1150,208100
1476719040,117.1600,117.1847,117.0735,117.1000,159500
1476719340,117.1000,117.1900,117.0600,117.1600,183600
1476719642,117.2600,117.2900,117.1033,117.1033,199500
1476719999,117.2700,117.3600,117.2400,117.2600,234900
1476720241,117.2700,117.3000,117.2200,117.2700,134300
1476720545,117.2296,117.3100,117.2000,117.2800,121200
1476720840,117.1289,117.2500,117.1100,117.2300,210000
1476721145,117.2000,117.2000,117.1200,117.1200,166400
1476721440,117.1950,117.3000,117.1800,117.2160,208500
1476721740,117.1300,117.2300,117.1100,117.1900,153300
1476722095,117.1644,117.1800,117.1000,117.1338,106600
1476722398,117.1211,117.2100,117.1200,117.1700,91100
1476722641,117.1300,117.1650,117.0400,117.1200,197300
1476722944,117.0695,117.1300,117.0300,117.1300,134500
1476723242,116.9700,117.0900,116.9600,117.0600,266000
1476723598,116.9600,117.0200,116.9500,116.9734,213200
1476723899,116.9602,117.0400,116.9327,116.9600,142200
1476724199,117.0042,117.0200,116.9600,116.9600,104600
1476724440,117.0425,117.0550,116.9800,117.0100,128800
1476724740,116.9965,117.0700,116.9500,117.0400,196500
1476725041,117.0100,117.0500,116.9800,117.0000,148700
1476725340,117.0071,117.0500,116.9900,117.0139,151900
1476725640,117.1600,117.1800,116.9800,117.0100,274000
1476725940,117.1150,117.2000,117.1000,117.1600,152700
1476726242,117.1302,117.1900,117.0900,117.1100,143200
1476726541,117.1400,117.1900,117.1000,117.1345,135600
1476726840,117.0600,117.1500,117.0500,117.1400,133700
1476727141,117.0000,117.0700,116.9600,117.0700,214100
1476727441,117.0800,117.1050,116.9950,116.9999,176700
1476727740,117.0444,117.0900,116.9900,117.0800,123700
1476728041,117.1400,117.1700,117.0400,117.0400,187200
1476728342,117.1100,117.1937,117.1100,117.1450,160700
1476728643,117.0900,117.1700,117.0700,117.1200,139700
1476728940,117.1799,117.1800,117.0900,117.1000,110500
1476729241,117.1200,117.1700,117.0900,117.1700,134400
1476729540,117.1190,117.1700,117.1000,117.1165,103800
1476729841,117.1153,117.1450,117.0900,117.1193,102500
1476730140,117.1900,117.1900,117.1000,117.1159,175100
1476730440,117.2000,117.2600,117.1800,117.1900,240800
1476730741,117.3100,117.3300,117.1900,117.2001,294500
1476731042,117.3500,117.3500,117.2700,117.3200,201300
1476731340,117.3800,117.4200,117.3400,117.3500,254500
1476731640,117.3200,117.3900,117.2700,117.3700,265400
1476731940,117.3438,117.3500,117.3100,117.3200,172000
1476732299,117.4300,117.4400,117.3400,117.3500,319200
1476732599,117.4801,117.4900,117.4100,117.4300,315800
1476732897,117.4450,117.5000,117.4350,117.4850,323300
1476733199,117.4899,117.5662,117.4400,117.4450,357000
1476733499,117.4700,117.5250,117.4700,117.4900,288100
1476733740,117.4900,117.5500,117.4700,117.4700,279700
1476734040,117.4650,117.4900,117.4600,117.4800,251400
1476734340,117.5500,117.5600,117.4600,117.4699,905900
1476734400,117.5500,117.5500,117.5500,117.5500,1342000
1476797640,117.8405,118.1400,117.8114,118.1400,0
1476797999,117.9342,117.9500,117.5950,117.8508,1086200
1476798299,117.9559,118.0000,117.8800,117.9300,557600
1476798540,118.1050,118.2100,117.9450,117.9550,752600
1476798899,117.9500,118.1500,117.9200,118.1000,509700
1476799199,118.0200,118.0350,117.9000,117.9500,311000
1476799443,118.0050,118.0400,117.9400,118.0200,355800
1476799740,118.0150,118.0901,118.0000,118.0089,368100
1476800042,117.9000,118.0700,117.8900,118.0165,352000
1476800340,117.9300,118.0000,117.8700,117.8950,300400
1476800640,117.7800,117.9300,117.7100,117.9200,861100
1476800941,117.9449,118.0100,117.7700,117.7840,443700
1476801242,117.9800,117.9900,117.9341,117.9500,189600
1476801540,118.0500,118.0900,117.9400,117.9728,365600
1476801899,118.0850,118.1400,117.9900,118.0450,446400
1476802141,118.0900,118.1100,118.0500,118.0850,251000
1476802497,118.0041,118.1200,117.9900,118.1000,227800
1476802740,118.0100,118.0600,117.9814,118.0033,271200
1476803099,118.0500,118.0900,118.0043,118.0043,165800
1476803347,118.0750,118.0800,118.0200,118.0600,128300
1476803641,118.0500,118.0750,118.0000,118.0700,146900
1476803999,117.9900,118.0499,117.9500,118.0450,184500
1476804241,117.9959,118.0400,117.9800,117.9900,177400
1476804599,117.9200,118.0100,117.8800,117.9900,246000
1476804840,117.8700,117.9600,117.8400,117.9100,171100
1476805140,117.9780,117.9900,117.8300,117.8800,255900
1476805499,117.9842,118.0100,117.9500,117.9800,183300
1476805740,117.9800,118.0050,117.9600,117.9865,87800
1476806099,118.0700,118.0700,117.9700,117.9900,190000
1476806342,118.0350,118.0800,118.0000,118.0700,221100
1476806640,118.0700,118.0800,118.0300,118.0400,128400
1476806940,118.1150,118.1200,118.0450,118.0800,209500
1476807299,118.0432,118.1500,118.0350,118.1150,279100
1476807542,118.0850,118.1157,118.0300,118.0500,131700
1476807899,118.1610,118.1800,118.0838,118.0838,146700
1476808140,118.1600,118.1900,118.1400,118.1650,155300
1476808440,118.1410,118.1800,118.1300,118.1700,198300
1476808746,118.1600,118.1900,118.1401,118.1401,105200
1476809041,118.0200,118.1660,118.0100,118.1600,204300
1476809340,118.0040,118.0400,117.9500,118.0108,180600
1476809640,118.0201,118.0300,117.9800,118.0000,82900
1476809940,117.9820,118.0300,117.8700,118.0200,246500
1476810296,117.9700,118.0000,117.9500,117.9900,105300
1476810542,117.9901,118.0000,117.9600,117.9800,72400
1476810841,118.0150,118.0500,117.9700,118.0000,109200
1476811140,118.0700,118.0800,118.0150,118.0200,101200
1476811440,118.1100,118.1200,118.0500,118.0735,132500
1476811743,118.0900,118.1350,118.0600,118.1100,108700
1476812099,117.9700,118.0900,117.9600,118.0900,146500
1476812341,118.0100,118.0200,117.9549,117.9600,124600
1476812640,118.0700,118.0800,118.0000,118.0100,127100
1476812999,118.0320,118.0800,118.0259,118.0700,95800
1476813241,117.9835,118.0600,117.9450,118.0350,164200
1476813598,118.0000,118.0395,117.9600,117.9847,114300
1476813898,118.0100,118.0400,117.9500,117.9999,123100
1476814141,117.9200,118.0400,117.9200,118.0200,100800
1476814499,117.9240,117.9500,117.9100,117.9200,126200
1476814740,117.9150,117.9593,117.8600,117.9300,179400
1476815040,117.9500,117.9800,117.8800,117.9150,113600
1476815341,117.9200,117.9800,117.9100,117.9600,106700
1476815697,117.9300,117.9800,117.9100,117.9300,107100
1476815941,117.8759,117.9400,117.8500,117.9338,197900
1476816299,117.8800,117.9100,117.8600,117.8720,152600
1476816541,117.8700,117.8900,117.8200,117.8800,161500
1476816843,117.8367,117.8700,117.8200,117.8700,136200
1476817140,117.8700,117.8900,117.8166,117.8343,152600
1476817440,117.6699,117.8800,117.6500,117.8700,717500
1476817744,117.5800,117.7300,117.5700,117.6700,355000
1476818099,117.5800,117.6200,117.5300,117.5700,273600
1476818398,117.5799,117.6300,117.5400,117.5800,227300
1476818699,117.5500,117.5747,117.4600,117.5700,663000
1476818942,117.5300,117.5900,117.5140,117.5450,261400
1476819240,117.6311,117.6399,117.5000,117.5320,287500
1476819540,117.5700,117.6800,117.5700,117.6313,294200
1476819899,117.5500,117.5926,117.4500,117.5780,309000
1476820199,117.5060,117.5600,117.4800,117.5500,256300
1476820440,117.5550,117.6200,117.5050,117.5100,611300
1476820740,117.4500,117.5800,117.4500,117.5550,787200
1476820800,117.4700,117.4700,117.4700,117.4700,948800
1476884040,117.2800,117.4700,117.1400,117.2400,0
1476884340,117.5700,117.6000,117.2700,117.2700,505900
1476884640,117.6275,117.6800,117.5500,117.5770,470500
1476884940,117.6900,117.7600,117.6100,117.6244,438900
1476885240,117.6300,117.7567,117.6200,117.6800,314000
1476885541,117.6450,117.6600,117.3700,117.6352,423300
1476885898,117.5347,117.6500,117.4800,117.6400,370000
1476886141,117.4963,117.5700,117.4500,117.5350,232200
1476886499,117.6100,117.6200,117.4500,117.4900,236300
1476886799,117.4438,117.6100,117.4400,117.6100,238300
1476887040,117.3800,117.4700,117.3450,117.4444,285100
1476887399,117.4900,117.5500,117.3800,117.3800,433500
1476887698,117.2911,117.5600,117.2900,117.4900,326400
1476887940,117.3490,117.3600,117.2575,117.2900,266200
1476888243,117.3600,117.4100,117.3300,117.3400,239900
1476888540,117.4275,117.4550,117.3500,117.3605,235400
1476888840,117.4700,117.4700,117.4200,117.4300,193100
1476889140,117.4400,117.5100,117.4200,117.4700,281400
1476889499,117.2970,117.4400,117.2300,117.4400,271600
1476889740,117.3800,117.3800,117.2300,117.2901,203200
1476890040,117.3800,117.3900,117.3300,117.3750,245500
1476890342,117.3300,117.3900,117.3050,117.3800,177100
1476890642,117.2300,117.3346,117.2000,117.3300,214900
1476890999,117.1200,117.2400,117.0000,117.2300,627500
1476891240,117.2100,117.2300,117.1100,117.1200,249300
1476891544,117.2150,117.2500,117.1550,117.2100,222200
1476891840,117.1600,117.2300,117.1200,117.2100,203500
1476892140,117.0200,117.1700,117.0100,117.1500,329700
1476892441,117.0150,117.0600,117.0000,117.0300,176000
1476892742,117.0400,117.0800,116.9700,117.0100,211700
1476893041,117.0100,117.0500,117.0000,117.0349,114700
1476893341,117.0200,117.0275,116.9100,117.0100,226100
1476893641,117.0662,117.0900,117.0000,117.0200,164400
1476893999,117.0700,117.1100,117.0510,117.0700,144900
1476894242,117.2150,117.2200,117.0700,117.0700,186900
1476894540,117.2200,117.2300,117.1600,117.2100,109700
1476894844,117.2600,117.2600,117.1841,117.2100,121100
1476895142,117.2600,117.2600,117.2200,117.2600,155000
1476895445,117.2600,117.3400,117.2600,117.2600,195000
1476895741,117.2399,117.2600,117.2200,117.2500,96200
1476896047,117.3100,117.3300,117.2300,117.2360,160100
1476896343,117.3100,117.3300,117.2900,117.3100,142900
1476896699,117.4600,117.4800,117.3200,117.3200,222300
1476896998,117.4500,117.4800,117.4400,117.4600,116200
1476897240,117.4050,117.4600,117.4000,117.4600,150000
1476897540,117.4550,117.4700,117.4000,117.4042,113900
1476897897,117.5100,117.5300,117.4500,117.4546,139100
1476898199,117.5346,117.5400,117.5000,117.5001,97300
1476898440,117.5250,117.5500,117.5100,117.5400,112400
1476898799,117.5700,117.5800,117.5201,117.5219,176200
1476899099,117.4800,117.5800,117.4800,117.5759,129200
1476899341,117.4300,117.5000,117.4300,117.4900,108000
1476899641,117.3800,117.4400,117.3600,117.4300,135700
1476899941,117.3995,117.4400,117.3800,117.3800,149400
1476900242,117.4000,117.5100,117.3800,117.3950,237400
1476900540,117.3699,117.4200,117.3100,117.4051,151100
1476900899,117.3100,117.3700,117.3000,117.3620,153600
1476901144,117.3538,117.4000,117.3200,117.3200,155600
1476901499,117.3300,117.3600,117.3150,117.3500,112500
1476901740,117.3434,117.3600,117.3200,117.3300,98900
1476902041,117.2941,117.3550,117.2900,117.3460,121000
1476902340,117.1107,117.2900,117.1100,117.2900,254200
1476902640,117.0800,117.1800,117.0500,117.1150,421800
1476902943,117.0800,117.0910,117.0500,117.0800,322800
1476903243,117.1900,117.2200,117.0900,117.0900,252500
1476903599,117.2200,117.2400,117.1800,117.1850,245100
1476903842,117.2205,117.2800,117.2101,117.2300,147900
1476904199,117.1710,117.2750,117.1700,117.2300,147700
1476904440,117.1150,117.1800,117.1150,117.1800,167700
1476904740,117.1446,117.1600,117.0950,117.1100,265800
1476905042,117.1495,117.2000,117.1400,117.1450,157900
1476905341,117.1200,117.1600,117.1100,117.1400,204200
1476905640,117.1500,117.1600,117.1100,117.1200,189600
1476905998,117.1550,117.1562,117.1100,117.1493,171400
1476906242,117.0300,117.1800,117.0200,117.1600,386200
1476906540,117.0800,117.1100,117.0300,117.0350,336600
1476906840,117.0557,117.1100,117.0300,117.0900,303600
1476907140,117.1200,117.1300,117.0500,117.0550,504400
1476907200,117.1200,117.1200,117.1200,117.1200,931800
1476970440,116.9800,116.9900,116.6050,116.8600,0
1476970799,116.6800,117.0800,116.6400,116.9795,503700
1476971041,116.8800,116.9100,116.5700,116.6710,471800
1476971399,116.9984,117.0700,116.7850,116.8700,461000
1476971641,116.9100,116.9900,116.8600,116.9900,294900
1476971944,117.0000,117.0200,116.8900,116.9000,310300
1476972299,117.2290,117.2300,116.9600,116.9900,462100
1476972540,117.2000,117.3100,117.1400,117.2201,418900
1476972842,116.9700,117.2200,116.9700,117.2100,407200
1476973141,116.8500,117.0600,116.8400,116.9700,457500
1476973499,116.8046,116.9400,116.8000,116.8500,214000
1476973740,116.8600,116.9000,116.6500,116.8100,387000
1476974040,116.6000,116.8600,116.5900,116.8600,403100
1476974340,116.3592,116.6000,116.3500,116.6000,739600
1476974640,116.4400,116.5800,116.3500,116.3600,508400
1476974999,116.5050,116.5700,116.3300,116.4400,513600
1476975299,116.6700,116.7000,116.4310,116.5000,467800
1476975599,116.6500,116.6600,116.4500,116.6500,351300
1476975899,116.6999,116.7670,116.6400,116.6600,306600
1476976140,116.6790,116.7350,116.6600,116.7000,178900
1476976440,116.8600,116.8600,116.6600,116.6700,296000
1476976799,116.9500,116.9700,116.8400,116.8600,392900
1476977040,116.9100,117.0200,116.9000,116.9500,348300
1476977342,116.9800,117.0000,116.9000,116.9100,165400
1476977641,116.9500,117.0200,116.9400,116.9800,185200
1476977999,116.7800,116.9700,116.7700,116.9500,226700
1476978299,116.7544,116.7900,116.7000,116.7800,257800
1476978541,116.7950,116.7967,116.6700,116.7500,154600
1476978840,116.7450,116.8000,116.6800,116.8000,146500
1476979199,116.9700,116.9800,116.7216,116.7450,218600
1476979498,117.0959,117.1300,116.9500,116.9800,443300
1476979799,117.1650,117.2000,117.0400,117.0945,379400
1476980040,117.1400,117.2000,117.0800,117.1650,217300
1476980341,117.1465,117.1600,117.0300,117.1365,203600
1476980642,117.0600,117.1700,117.0400,117.1400,163600
1476980941,117.0900,117.1100,117.0300,117.0600,129900
1476981298,117.0800,117.0900,117.0400,117.0850,129300
1476981543,117.2100,117.2200,117.0500,117.0900,301600
1476981841,117.2850,117.3600,117.2000,117.2050,298600
1476982141,117.2500,117.3000,117.2500,117.2900,137000
1476982440,117.1900,117.2800,117.1600,117.2500,175600
1476982743,117.1650,117.1900,117.0800,117.1850,191000
1476983040,117.1540,117.2000,117.1400,117.1700,150100
1476983340,117.2000,117.2200,117.1200,117.1500,124600
1476983640,117.2900,117.3200,117.1900,117.2100,233800
1476983940,117.3000,117.3300,117.2600,117.2900,189900
1476984297,117.1801,117.3100,117.1800,117.2935,175000
1476984541,117.3100,117.3100,117.1900,117.1900,107000
1476984899,117.3600,117.3800,117.2900,117.3200,344700
1476985199,117.3400,117.3800,117.3200,117.3600,99800
1476985440,117.2700,117.3317,117.2100,117.3317,169400
1476985741,117.2000,117.3400,117.2000,117.2698,138100
1476986099,116.9800,117.1900,116.8700,117.1900,736600
1476986399,116.8900,116.9800,116.8100,116.9700,340800
1476986699,117.0220,117.0600,116.8401,116.8899,255200
1476986999,117.0000,117.0798,116.9350,117.0250,288800
1476987299,117.0400,117.0700,116.9980,117.0000,140300
1476987550,116.9800,117.0800,116.9200,117.0400,237800
1476987840,116.9700,117.0300,116.9400,116.9750,117200
1476988141,117.0000,117.0059,116.9300,116.9700,135200
1476988440,116.9473,117.0150,116.9400,117.0000,173400
1476988799,117.0000,117.0700,116.9400,116.9400,210700
1476989040,117.0250,117.0400,116.9900,117.0000,91200
1476989340,117.2200,117.2200,117.0200,117.0300,215700
1476989640,117.1400,117.2300,117.1100,117.2300,271300
1476989999,117.1900,117.1900,117.1335,117.1500,130400
1476990297,117.1716,117.2000,117.0800,117.1900,130900
1476990540,117.1500,117.2100,117.1000,117.1800,156900
1476990842,117.1500,117.2000,117.1400,117.1500,149300
1476991198,117.0200,117.1500,116.9950,117.1500,190800
1476991440,117.0707,117.1200,117.0163,117.0200,184100
1476991799,116.9902,117.1000,116.9700,117.0700,174300
1476992041,116.9000,117.0000,116.8800,116.9900,282500
1476992341,116.9400,116.9800,116.8800,116.9050,205300
1476992640,116.9400,116.9800,116.8800,116.9400,208400
1476992940,117.0800,117.0800,116.9315,116.9400,318600
1476993299,117.2300,117.2500,117.0900,117.0900,551500
1476993599,117.0100,117.2400,117.0000,117.2300,883100
1476993600,117.0100,117.0100,117.0100,117.0100,100
1477056899,116.6200,116.7900,116.4000,116.7050,0
1477057199,116.5300,116.6600,116.3100,116.6200,776600
1477057499,116.6511,116.8500,116.4800,116.5300,548500
1477057740,116.7095,116.7600,116.5500,116.6600,376700
1477058099,116.7100,116.7900,116.6400,116.7000,335200
1477058342,116.8350,116.9100,116.6900,116.7100,376500
1477058698,116.5700,116.8300,116.5200,116.8300,504800
1477058940,116.5600,116.6850,116.5000,116.5650,320900
1477059241,116.4200,116.5798,116.4100,116.5550,342700
1477059542,116.4900,116.5400,116.4100,116.4200,336900
1477059840,116.5500,116.5900,116.4700,116.5000,289400
1477060140,116.5901,116.6250,116.5300,116.5550,197200
1477060440,116.7032,116.7200,116.5600,116.5900,339900
1477060740,116.5200,116.7000,116.5000,116.7000,222200
1477061099,116.6400,116.6400,116.5100,116.5200,220900
1477061340,116.6741,116.6800,116.5750,116.6350,173900
1477061699,116.6700,116.6850,116.6150,116.6800,154100
1477061942,116.6600,116.7000,116.6300,116.6700,166000
1477062244,116.6000,116.6900,116.6000,116.6500,289400
1477062540,116.7050,116.7400,116.5800,116.6000,231000
1477062899,116.7300,116.7600,116.6700,116.7000,205800
1477063141,116.6312,116.7250,116.6100,116.7201,223100
1477063499,116.5400,116.6341,116.5200,116.6301,210500
1477063798,116.6200,116.6390,116.5300,116.5400,170700
1477064040,116.6000,116.6200,116.5400,116.6100,112800
1477064399,116.6600,116.6800,116.6000,116.6000,123300
1477064699,116.7130,116.7300,116.6700,116.6700,144900
1477064941,116.8409,116.8699,116.7111,116.7111,237200
1477065299,116.8316,116.8650,116.7800,116.8500,203400
1477065540,116.7300,116.8400,116.7200,116.8350,278000
1477065899,116.7300,116.7900,116.7100,116.7400,157400
1477066140,116.6500,116.7400,116.6500,116.7350,163800
1477066443,116.6347,116.6650,116.6300,116.6500,146600
1477066740,116.6450,116.7101,116.6200,116.6350,161200
1477067099,116.6349,116.6650,116.5935,116.6600,130100
1477067340,116.5307,116.6500,116.5300,116.6390,194400
1477067641,116.5000,116.5700,116.5000,116.5307,145900
1477067940,116.5100,116.5447,116.5000,116.5000,134000
1477068244,116.5100,116.5258,116.5000,116.5156,102000
1477068545,116.5250,116.5300,116.5000,116.5100,95600
1477068897,116.5000,116.5300,116.4800,116.5250,217700
1477069141,116.5340,116.5400,116.5100,116.5100,101800
1477069440,116.5262,116.5756,116.5200,116.5358,111200
1477069740,116.5340,116.5600,116.5100,116.5300,112900
1477070042,116.5600,116.6100,116.5100,116.5390,168400
1477070395,116.5850,116.6100,116.5400,116.5700,209700
1477070641,116.5900,116.6298,116.5600,116.5875,81600
1477070945,116.5500,116.6100,116.5500,116.5900,91300
1477071298,116.5158,116.5800,116.4700,116.5550,186300
1477071543,116.5400,116.5500,116.4900,116.5100,84000
1477071899,116.6000,116.6007,116.5200,116.5400,120200
1477072140,116.6900,116.7200,116.5950,116.5995,164600
1477072440,116.6000,116.7400,116.5900,116.6900,192200
1477072740,116.6000,116.6300,116.5900,116.6000,102800
1477073098,116.6250,116.6300,116.5750,116.6100,85700
1477073399,116.6800,116.6900,116.6000,116.6254,97900
1477073641,116.6700,116.7000,116.6500,116.6800,122000
1477073941,116.6800,116.7200,116.6400,116.6750,155400
1477074299,116.6801,116.7300,116.6550,116.6800,178100
1477074542,116.7150,116.7300,116.6300,116.6800,188100
1477074844,116.6300,116.7300,116.6200,116.7200,170800
1477075141,116.6750,116.7000,116.6000,116.6350,176700
1477075440,116.6459,116.6900,116.6300,116.6900,106100
1477075740,116.6301,116.6500,116.6000,116.6500,126700
1477076099,116.6000,116.6450,116.5700,116.6348,194800
1477076399,116.6200,116.6400,116.5900,116.6000,135300
1477076640,116.6100,116.6500,116.5950,116.6200,174800
1477076944,116.6299,116.6500,116.6000,116.6100,132600
1477077297,116.6101,116.6450,116.6000,116.6200,123300
1477077540,116.6140,116.6500,116.5500,116.6101,388000
1477077840,116.5350,116.6200,116.4900,116.6146,277800
1477078140,116.4979,116.5599,116.4900,116.5400,250300
1477078440,116.4900,116.5200,116.4800,116.4950,205900
1477078741,116.3550,116.5200,116.3500,116.4900,407300
1477079040,116.3000,116.3600,116.2800,116.3525,444800
1477079399,116.4400,116.4800,116.3000,116.3100,368700
1477079640,116.5200,116.6200,116.4300,116.4400,763400
1477079940,116.5300,116.5900,116.4500,116.5200,1087400
1477080000,116.6000,116.6000,116.6000,116.6000,1658300
1477316041,117.4900,117.4900,117.0950,117.0950,0
1477316340,117.4500,117.5900,117.3700,117.5000,824000
1477316640,117.2900,117.4704,117.1300,117.4400,599500
1477316943,117.4000,117.4890,117.2700,117.3100,483000
1477317240,117.4050,117.4400,117.3305,117.4050,433700
1477317541,117.4250,117.4900,117.3700,117.4100,314300
1477317840,117.2760,117.4700,117.2700,117.4300,386500
1477318140,117.2950,117.3200,117.1800,117.2800,374700
1477318440,117.3400,117.3500,117.2800,117.2900,235700
1477318742,117.3900,117.4200,117.3300,117.3450,351300
1477319040,117.3907,117.4600,117.3700,117.3800,359900
1477319340,117.1300,117.4000,117.1300,117.3900,477800
1477319640,117.1561,117.2200,117.1000,117.1400,409100
1477319940,117.2100,117.2400,117.1538,117.1554,225900
1477320240,117.1300,117.2200,117.0600,117.2200,250500
1477320540,117.3200,117.3200,117.1350,117.1400,311400
1477320840,117.2700,117.3400,117.2600,117.3100,203900
1477321142,117.3600,117.4000,117.2300,117.2600,307500
1477321441,117.3900,117.3900,117.3200,117.3500,213800
1477321742,117.3600,117.4300,117.3400,117.4000,218500
1477322098,117.4250,117.4300,117.3500,117.3643,271700
1477322340,117.4650,117.4700,117.4000,117.4239,247000
1477322640,117.3750,117.4700,117.3600,117.4600,211200
1477322943,117.3700,117.4000,117.3600,117.3800,156100
1477323240,117.4400,117.4600,117.3700,117.3750,194300
1477323540,117.4600,117.5000,117.4300,117.4450,298200
1477323842,117.4400,117.4700,117.3900,117.4665,161000
1477324144,117.4300,117.4600,117.4000,117.4300,118100
1477324440,117.3800,117.4300,117.3700,117.4250,187500
1477324742,117.3550,117.4400,117.3500,117.3900,209600
1477325044,117.2600,117.3800,117.2600,117.3537,239700
1477325344,117.2950,117.3400,117.2600,117.2652,201000
1477325641,117.3500,117.3700,117.2900,117.2930,175900
1477325944,117.3900,117.4000,117.3500,117.3541,138000
1477326246,117.3650,117.3938,117.3600,117.3850,86300
1477326543,117.3001,117.3800,117.3000,117.3658,158900
1477326842,117.2650,117.3200,117.2600,117.3050,132200
1477327140,117.2200,117.3000,117.2177,117.2700,194800
1477327444,117.3190,117.3200,117.2100,117.2100,194400
1477327742,117.2550,117.3200,117.2500,117.3100,84800
1477328040,117.2852,117.2900,117.2500,117.2689,113800
1477328343,117.2700,117.3000,117.2600,117.2839,98800
1477328643,117.3300,117.3400,117.2700,117.2790,161600
1477328940,117.3898,117.3900,117.3200,117.3400,134000
1477329298,117.3910,117.4000,117.3600,117.3800,170300
1477329599,117.4101,117.4300,117.3800,117.3900,227500
1477329840,117.4700,117.4800,117.4100,117.4200,226900
1477330140,117.4800,117.5000,117.4700,117.4750,238900
1477330441,117.5200,117.5500,117.4700,117.4850,274400
1477330743,117.5000,117.5400,117.4900,117.5300,127200
1477331099,117.5441,117.5500,117.4700,117.5100,200800
1477331340,117.5820,117.6000,117.5400,117.5444,230200
1477331641,117.6050,117.6400,117.5800,117.5800,220200
1477331997,117.6182,117.6200,117.5600,117.6000,200500
1477332243,117.6600,117.7100,117.6100,117.6199,307700
1477332540,117.7330,117.7400,117.6300,117.6650,195000
1477332841,117.6830,117.7400,117.6500,117.7400,133700
1477333140,117.5801,117.6900,117.5600,117.6850,231900
1477333446,117.5401,117.6000,117.5300,117.5875,166500
1477333740,117.5459,117.5500,117.4800,117.5465,207700
1477334099,117.5050,117.6200,117.5000,117.5450,177300
1477334340,117.4800,117.5700,117.4800,117.5100,150300
1477334641,117.4800,117.5500,117.4800,117.4850,130100
1477334940,117.3850,117.4999,117.3700,117.4850,298800
1477335240,117.3899,117.4000,117.3300,117.3800,212900
1477335541,117.4500,117.4700,117.3800,117.3850,194900
1477335842,117.5241,117.5400,117.4300,117.4550,169000
1477336140,117.4641,117.5300,117.4400,117.5300,212900
1477336440,117.3800,117.4700,117.3700,117.4650,259100
1477336740,117.4000,117.4200,117.3800,117.3900,142400
1477337040,117.3800,117.4200,117.3800,117.4050,151100
1477337340,117.4001,117.4100,117.3600,117.3850,230200
1477337640,117.3600,117.4100,117.3400,117.4000,228200
1477337942,117.4450,117.4600,117.3500,117.3550,231200
1477338241,117.4100,117.5000,117.4000,117.4500,230600
1477338540,117.4353,117.4600,117.3900,117.4200,262900
1477338840,117.5800,117.6400,117.4350,117.4400,590900
1477339140,117.6100,117.6800,117.5600,117.5750,1057600
1477339200,117.6500,117.6500,117.6500,117.6500,1682500
1477402440,117.7800,118.0000,117.7400,117.9501,0
1477402799,117.8925,117.9250,117.7100,117.7500,794200
1477403041,117.8700,117.9201,117.8101,117.8900,637700
1477403341,117.9690,117.9900,117.8400,117.8650,549400
1477403698,117.9849,118.0100,117.9150,117.9639,720700
1477403940,117.7762,118.0000,117.7700,117.9840,748100
1477404242,117.7200,117.8300,117.6350,117.7800,860500
1477404599,117.7389,117.8100,117.7100,117.7194,375200
1477404840,117.5700,117.7500,117.5500,117.7300,630700
1477405198,117.7250,117.7300,117.5700,117.5762,546100
1477405440,117.7700,117.7900,117.6700,117.7300,596700
1477405741,117.7850,117.8098,117.7300,117.7750,489500
1477406040,117.7890,117.8400,117.7600,117.7900,354100
1477406342,117.7834,117.8200,117.7700,117.7899,241800
1477406641,117.6300,117.7900,117.6200,117.7900,517200
1477406940,117.6300,117.6900,117.6000,117.6400,545500
1477407240,117.5450,117.6500,117.5100,117.6220,584800
1477407599,117.5233,117.5700,117.4425,117.5463,473500
1477407840,117.4800,117.5800,117.4300,117.5300,494800
1477408140,117.5850,117.6000,117.4550,117.4742,276200
1477408440,117.5800,117.6000,117.5400,117.5900,250500
1477408740,117.6000,117.6400,117.5300,117.5700,302200
1477409040,117.6300,117.6300,117.5700,117.6042,293300
1477409340,117.6500,117.6500,117.5700,117.6350,332300
1477409640,117.6800,117.7300,117.6000,117.6450,490900
1477409941,117.5190,117.7100,117.4800,117.6750,410300
1477410240,117.4900,117.5500,117.4700,117.5200,369900
1477410541,117.4600,117.5069,117.4400,117.4950,330600
1477410841,117.4700,117.4800,117.4300,117.4700,281800
1477411140,117.4400,117.5000,117.4100,117.4600,365700
1477411443,117.4450,117.5200,117.4400,117.4427,348100
1477411740,117.4300,117.4700,117.4000,117.4500,386600
1477412043,117.3100,117.4400,117.3100,117.4250,399900
1477412340,117.4079,117.4400,117.3100,117.3150,393000
1477412640,117.3950,117.4200,117.3700,117.4050,223500
1477412941,117.4735,117.4800,117.3900,117.3900,247300
1477413242,117.5450,117.5600,117.4500,117.4700,294400
1477413597,117.5149,117.5500,117.4400,117.5499,227600
1477413840,117.4890,117.5200,117.4100,117.5150,335300
1477414142,117.5642,117.6000,117.4800,117.4850,291400
1477414440,117.5935,117.6000,117.5400,117.5633,308100
1477414740,117.6500,117.7000,117.5790,117.6000,474800
1477415041,117.6399,117.6800,117.6210,117.6435,233300
1477415341,117.6162,117.6600,117.5501,117.6341,196800
1477415642,117.6200,117.6300,117.5800,117.6200,182400
1477415940,117.7300,117.7500,117.6000,117.6245,351500
1477416299,117.8300,117.8700,117.7300,117.7346,462200
1477416540,117.8500,117.8600,117.8100,117.8400,374000
1477416840,117.9436,117.9600,117.8100,117.8499,425000
1477417141,117.8100,117.9500,117.8100,117.9400,367200
1477417441,117.8600,117.8900,117.8100,117.8127,259700
1477417740,117.9100,117.9700,117.8500,117.8525,384500
1477418040,117.9400,117.9890,117.9000,117.9000,543000
1477418340,117.9634,118.0000,117.9350,117.9500,394400
1477418640,117.9400,117.9900,117.9350,117.9650,373900
1477418940,117.9950,118.0000,117.9300,117.9450,384100
1477419299,117.9383,118.0300,117.9300,117.9900,598900
1477419541,117.9100,117.9600,117.8900,117.9300,251900
1477419840,117.8900,117.9500,117.8850,117.9130,247000
1477420140,117.9600,117.9700,117.8900,117.9000,436200
1477420440,117.9250,117.9800,117.9200,117.9650,268600
1477420799,117.8310,117.9300,117.8000,117.9200,349100
1477421099,117.8660,117.8800,117.8100,117.8349,208200
1477421399,117.9072,117.9700,117.8650,117.8650,521400
1477421641,117.8300,117.9100,117.8200,117.9034,404700
1477421941,117.8100,117.8300,117.7500,117.8200,407400
1477422243,117.7700,117.8300,117.7600,117.8141,233000
1477422599,117.7699,117.8200,117.7400,117.7620,406200
1477422899,117.7740,117.8200,117.7500,117.7610,529700
1477423140,117.8200,117.8300,117.7500,117.7771,408000
1477423499,117.9290,117.9290,117.8247,117.8250,381900
1477423740,117.9350,117.9500,117.8850,117.9300,405100
1477424040,117.9850,118.0000,117.9300,117.9400,470700
1477424340,117.9600,117.9800,117.9350,117.9800,611000
1477424640,118.0235,118.0400,117.9510,117.9510,950800
1477424940,118.1460,118.1900,117.9900,118.0200,859100
1477425240,118.1900,118.2500,118.1200,118.1500,1279800
1477425540,118.2600,118.3600,118.0400,118.1800,2342200
1477425600,118.2500,118.2500,118.2500,118.2500,970900
1477488840,113.8000,114.3800,113.7800,114.3100,0
1477489140,113.7100,113.9000,113.3100,113.8007,3386000
1477489440,113.8100,113.9050,113.5300,113.7050,2453700
1477489740,114.1050,114.1950,113.7500,113.8042,1919600
1477490040,114.1000,114.1500,113.7090,114.1000,1812700
1477490341,113.9100,114.1700,113.9000,114.0900,1024500
1477490640,113.7600,113.9400,113.6100,113.9115,1443800
1477490940,113.9300,113.9800,113.7511,113.7511,1133700
1477491241,113.9200,113.9900,113.7300,113.9290,1381400
1477491540,114.1100,114.2700,113.9200,113.9300,1515300
1477491840,114.1900,114.3000,114.0500,114.1090,1162500
1477492140,114.1000,114.2300,113.9200,114.1862,1175400
1477492440,114.5500,114.5500,114.0800,114.1100,1358600
1477492740,114.6256,114.7200,114.3000,114.5501,1665600
1477493040,114.7200,114.8000,114.4800,114.6200,1172700
1477493399,114.8000,114.9659,114.7200,114.7300,1664100
1477493640,114.7900,114.8300,114.5700,114.8300,865700
1477493940,114.9000,114.9500,114.5900,114.8000,837000
1477494240,114.9350,114.9500,114.7800,114.9100,824300
1477494599,115.0150,115.2500,114.9300,114.9400,1626300
1477494840,115.1400,115.1800,114.9800,115.0100,690900
1477495140,114.9307,115.2100,114.9300,115.1450,678800
1477495440,114.9400,115.0700,114.9300,114.9400,492100
1477495740,114.9350,115.0200,114.8500,114.9450,517100
1477496040,114.8900,114.9400,114.8100,114.9300,417600
1477496340,114.9800,115.0400,114.8800,114.8814,497500
1477496643,114.9559,115.0062,114.9400,114.9810,281800
1477496940,114.8800,115.0100,114.8500,114.9600,453200
1477497240,115.0533,115.1000,114.8300,114.8850,456600
1477497540,114.9300,115.1500,114.9000,115.0500,458000
1477497841,114.9600,115.0000,114.8700,114.9200,288700
1477498142,114.8947,114.9800,114.8750,114.9685,227000
1477498444,114.9310,114.9700,114.8800,114.9000,217100
1477498741,115.1202,115.1400,114.9250,114.9400,363600
1477499041,115.1400,115.2200,115.1000,115.1200,393100
1477499340,115.2500,115.3200,115.1300,115.1500,518600
1477499640,115.3800,115.4441,115.2435,115.2600,622900
1477499940,115.4246,115.4500,115.2410,115.3700,817900
1477500240,115.4200,115.5600,115.3800,115.4300,542200
1477500541,115.4743,115.4800,115.3500,115.4241,322900
1477500840,115.5900,115.7000,115.4700,115.4800,630800
1477501141,115.3800,115.6100,115.3300,115.5800,365000
1477501440,115.4446,115.4600,115.3200,115.3900,314100
1477501740,115.1600,115.4500,115.1300,115.4400,405800
1477502042,115.0500,115.2000,115.0500,115.1500,432900
1477502341,115.2100,115.2300,115.0000,115.0450,707400
1477502640,115.1000,115.2200,115.0900,115.2140,237900
1477502944,115.0653,115.1500,115.0450,115.0925,272700
1477503242,115.0500,115.1500,115.0450,115.0600,363100
1477503541,114.9600,115.0600,114.9500,115.0550,425800
1477503840,114.9800,115.0200,114.8950,114.9550,386500
1477504199,114.8265,114.9850,114.8100,114.9850,354300
1477504440,114.7000,114.8400,114.6900,114.8201,537300
1477504799,114.6200,114.8400,114.6100,114.6900,618600
1477505040,114.6866,114.8200,114.6300,114.6400,411800
1477505340,114.8000,114.8000,114.6300,114.6850,364600
1477505640,114.9400,114.9600,114.7700,114.7900,382500
1477505942,114.9100,114.9800,114.8801,114.9440,291900
1477506247,114.8000,114.9600,114.7800,114.9000,358000
1477506599,114.9138,114.9500,114.7600,114.7900,283300
1477506841,114.9350,114.9500,114.9000,114.9150,190100
1477507140,115.0200,115.0789,114.9216,114.9300,296400
1477507440,115.1000,115.1300,115.0100,115.0100,392900
1477507743,115.2050,115.2100,115.0800,115.0900,529700
1477508040,115.2200,115.2700,115.1200,115.2000,437700
1477508340,115.3400,115.4100,115.1950,115.2201,590500
1477508640,115.1850,115.3400,115.1300,115.3300,462800
1477508943,115.1666,115.2700,115.0800,115.1800,404400
1477509241,115.2000,115.2050,115.1201,115.1624,231400
1477509542,115.1800,115.2400,115.1600,115.1950,254000
1477509843,115.2400,115.2800,115.1700,115.1900,353900
1477510143,115.2300,115.3000,115.2100,115.2433,492300
1477510441,115.2541,115.2800,115.1500,115.2200,330800
1477510740,115.1900,115.2700,115.1650,115.2500,309800
1477511041,115.3150,115.3400,115.1900,115.1950,363900
1477511340,115.2837,115.5000,115.2200,115.3118,969100
1477511640,115.3850,115.4700,115.2900,115.2900,879900
1477511940,115.5900,115.6500,115.3500,115.3900,5223300
1477512000,115.5900,115.5900,115.5900,115.5900,386600
1477575240,115.1200,115.6600,115.0400,115.3900,0
1477575540,115.3335,115.5500,115.0000,115.1201,815000
1477575840,115.4100,115.4398,115.1099,115.3350,578400
1477576140,115.2500,115.5400,115.2500,115.4200,542000
1477576440,115.4400,115.5500,115.2400,115.2410,642700
1477576740,115.4200,115.4789,115.3400,115.4450,331600
1477577040,115.2500,115.4600,115.2000,115.4100,508100
1477577340,115.1500,115.3756,115.1500,115.2450,442200
1477577640,115.0300,115.1700,115.0300,115.1600,406400
1477577940,114.9200,115.1500,114.8700,115.0400,649200
1477578240,114.9000,114.9300,114.7600,114.9300,555200
1477578540,114.9400,115.0000,114.8600,114.8901,440800
1477578841,114.9910,115.0400,114.9500,114.9500,309400
1477579142,114.9200,115.0000,114.8000,114.9992,333800
1477579499,114.9990,115.0000,114.8701,114.9251,261200
1477579799,115.0589,115.0600,114.9700,114.9900,322300
1477580042,115.0200,115.0600,114.9750,115.0542,221500
1477580347,115.0100,115.0299,114.9300,115.0236,270400
1477580640,115.0150,115.0400,114.9800,115.0000,251000
1477580940,115.0300,115.0749,115.0100,115.0144,241600
1477581240,114.9900,115.0400,114.9700,115.0400,210500
1477581540,114.9800,115.0400,114.9650,114.9941,207800
1477581840,114.9800,115.0300,114.9700,114.9700,188200
1477582140,114.9100,114.9900,114.8735,114.9750,281500
1477582441,114.8500,114.9550,114.8212,114.9200,263400
1477582741,114.8500,114.8800,114.7700,114.8600,267300
1477583040,114.9000,114.9200,114.8000,114.8400,209700
1477583342,114.9100,114.9600,114.8500,114.9064,206400
1477583641,114.8600,114.9400,114.8200,114.9000,132800
1477583999,115.1559,115.2500,114.8500,114.8501,528100
1477584240,115.1701,115.2500,115.1402,115.1600,268400
1477584540,115.2000,115.2250,115.1450,115.1750,183600
1477584840,115.2200,115.2500,115.1900,115.1950,168600
1477585141,115.0701,115.2400,115.0400,115.2267,379800
1477585443,115.0900,115.1280,115.0500,115.0750,139200
1477585741,115.2000,115.2100,115.1000,115.1000,170300
1477586042,115.1700,115.2300,115.1600,115.1950,154800
1477586340,115.1047,115.1800,115.0700,115.1600,194300
1477586641,114.9800,115.1300,114.9800,115.1050,244900
1477586941,114.9900,115.0000,114.9000,114.9700,217300
1477587240,114.9900,115.0150,114.9600,114.9800,131000
1477587540,114.9850,115.0386,114.9600,114.9950,146500
1477587840,115.0000,115.0100,114.9800,114.9800,128100
1477588141,114.9500,115.0257,114.9000,115.0100,249200
1477588440,114.9699,114.9800,114.9200,114.9448,131400
1477588740,114.9450,115.0200,114.9200,114.9659,187000
1477589043,114.9000,114.9473,114.8500,114.9400,172600
1477589341,114.8844,114.9057,114.8300,114.9057,144700
1477589644,114.8930,114.9300,114.8500,114.8851,245800
1477589942,115.0200,115.0300,114.8700,114.8900,166900
1477590246,115.0099,115.0400,114.9800,115.0300,92400
1477590553,114.9800,115.0300,114.9700,115.0000,93000
1477590841,115.0041,115.0300,114.9900,114.9900,129000
1477591141,114.9700,115.0300,114.9700,115.0100,192200
1477591440,115.0200,115.0300,114.9600,114.9600,126600
1477591740,115.0000,115.0300,114.9750,115.0150,147500
1477592044,115.0850,115.1000,114.9600,114.9920,195000
1477592340,115.1200,115.1500,115.0800,115.0900,168500
1477592643,115.0400,115.1200,115.0300,115.1100,128100
1477592940,115.0510,115.0900,115.0200,115.0300,158300
1477593240,114.9500,115.0898,114.9107,115.0600,200900
1477593544,115.0100,115.0300,114.8700,114.9550,311900
1477593841,114.9200,115.0200,114.9200,115.0050,194400
1477594142,114.9500,114.9600,114.8800,114.9243,166100
1477594440,114.8950,114.9450,114.8500,114.9400,249200
1477594741,114.8700,114.9050,114.8500,114.8926,138400
1477595043,114.9126,114.9400,114.8706,114.8706,153900
1477595399,114.8538,114.9100,114.8500,114.9100,155500
1477595645,114.7000,114.8591,114.6400,114.8550,367400
1477595940,114.3100,114.6950,114.3000,114.6900,632400
1477596241,114.4162,114.4200,114.2900,114.3070,446100
1477596599,114.4710,114.5200,114.4000,114.4200,464000
1477596840,114.4926,114.5500,114.4600,114.4701,403500
1477597140,114.3700,114.5500,114.3600,114.5000,346300
1477597440,114.1506,114.3900,114.1500,114.3750,661000
1477597741,114.2000,114.2200,114.1000,114.1600,646400
1477598040,114.2400,114.2650,114.1700,114.2100,596200
1477598340,114.5000,114.5600,114.2400,114.2500,958100
1477598400,114.4800,114.4800,114.4800,114.4800,3271300
1477661640,114.2300,114.3700,113.9700,114.0000,0
1477661940,114.9700,115.0100,114.2400,114.2438,865100
1477662240,115.0750,115.1100,114.8550,114.9650,851400
1477662541,114.9300,115.1000,114.8600,115.0700,586600
1477662840,114.8300,115.0000,114.8300,114.9400,457100
1477663140,114.8100,114.9200,114.7700,114.8400,416100
1477663440,114.7400,114.9300,114.6500,114.8200,481200
1477663740,114.6200,114.7600,114.5500,114.7365,365200
1477664099,114.5900,114.6300,114.4200,114.6100,461500
1477664340,114.4700,114.6250,114.3600,114.5807,430400
1477664642,114.5300,114.5600,114.3800,114.4565,393000
1477664940,114.6460,114.7000,114.5000,114.5200,352900
1477665240,114.8200,114.8500,114.6400,114.6400,393400
1477665540,114.9041,114.9250,114.8200,114.8299,404600
1477665841,114.8000,114.9100,114.7300,114.9100,240900
1477666141,114.9195,114.9200,114.7500,114.8050,252900
1477666440,114.8800,114.9350,114.8450,114.9200,233500
1477666740,114.7650,114.9100,114.7450,114.8850,207600
1477667098,114.8100,114.8550,114.7600,114.7700,145200
1477667344,114.8700,114.9100,114.8100,114.8150,183700
1477667640,114.7850,114.9450,114.7300,114.8720,319600
1477667999,114.8150,114.9000,114.7800,114.7800,184200
1477668298,114.9570,114.9700,114.8200,114.8200,181500
1477668599,114.9256,115.0000,114.9100,114.9550,275600
1477668899,115.0554,115.0700,114.9201,114.9300,470100
1477669143,115.0000,115.0600,115.0000,115.0300,166700
1477669442,114.9700,115.0300,114.9217,114.9900,209200
1477669740,114.9840,114.9840,114.8600,114.9790,251800
1477670045,115.0175,115.0200,114.9700,114.9850,170700
1477670340,115.0000,115.0500,114.9900,115.0150,128000
1477670644,114.9200,115.0000,114.8700,114.9901,137100
1477670944,115.0250,115.0500,114.9100,114.9100,176600
1477671241,114.9400,115.0250,114.9150,115.0244,173400
1477671541,115.0250,115.0300,114.9400,114.9455,182200
1477671842,115.1250,115.1400,115.0300,115.0300,400700
1477672199,115.0900,115.2100,115.0900,115.1200,376200
1477672440,114.9599,115.1200,114.9500,115.1000,214200
1477672741,115.0100,115.0200,114.9500,114.9500,162800
1477673048,115.1000,115.1100,115.0000,115.0000,171400
1477673340,115.0700,115.1300,115.0500,115.1100,166100
1477673699,115.1050,115.1300,115.0600,115.0790,196000
1477673944,115.0859,115.1134,115.0500,115.1001,263700
1477674240,114.5200,115.1400,114.5100,115.0800,690700
1477674540,114.2400,114.6200,114.2300,114.5300,816700
1477674840,114.4400,114.4900,114.1700,114.2450,821500
1477675144,114.3600,114.4300,114.2600,114.4300,405600
1477675441,114.2500,114.4700,114.2300,114.3500,417100
1477675740,114.3300,114.4101,114.2200,114.2400,299800
1477676040,114.1900,114.3600,114.1400,114.3302,478700
1477676399,114.0550,114.2100,113.9000,114.1800,803000
1477676640,113.9800,114.0600,113.9100,114.0500,534400
1477676942,113.9700,114.0400,113.9100,113.9799,364700
1477677240,113.8650,114.0100,113.8500,113.9750,492000
1477677540,113.5300,113.9600,113.5000,113.8700,816700
1477677841,113.5000,113.5900,113.5000,113.5350,611200
1477678140,113.6300,113.6400,113.4500,113.5100,681000
1477678441,113.6532,113.6700,113.4600,113.6400,513300
1477678799,113.6490,113.8500,113.5141,113.6700,828900
1477679040,113.8200,113.8500,113.6100,113.6518,486600
1477679341,113.9100,113.9700,113.7000,113.8100,423100
1477679640,114.0300,114.1400,113.8900,113.9200,475700
1477679999,113.8725,114.0600,113.8700,114.0449,349000
1477680240,113.7850,113.9300,113.7700,113.8800,337000
1477680540,113.6599,113.8300,113.5500,113.7800,418300
1477680840,113.6400,113.7850,113.6200,113.6600,334700
1477681141,113.6900,113.7600,113.5900,113.6500,391100
1477681440,113.7900,113.8600,113.6400,113.6800,384600
1477681740,113.8635,113.9400,113.7600,113.7800,365100
1477682043,113.7600,113.9000,113.7259,113.8700,352200
1477682343,113.8200,113.8200,113.6967,113.7700,320100
1477682640,113.9200,113.9400,113.7900,113.8250,479500
1477682940,113.9899,114.1200,113.9100,113.9100,520000
1477683240,113.8000,113.9898,113.7500,113.9811,538100
1477683540,113.7550,113.8400,113.7000,113.7900,428400
1477683899,113.6050,113.7800,113.5000,113.7507,654300
1477684140,113.6800,113.6900,113.5250,113.6125,565200
1477684440,113.6450,113.7900,113.6400,113.6900,564300
1477684740,113.7200,113.7300,113.6000,113.6500,2939200
1477684800,113.7200,113.7200,113.6900,113.6900,0
