1476711240,817.0000,822.0000,815.5000,822.0000,254700
1476711599,813.8992,817.5900,813.4100,816.8200,177200
1476711840,814.4300,814.8000,812.5000,814.0182,130600
1476712140,815.4830,816.7450,814.2000,814.2000,106300
1476712442,813.9500,815.9700,813.5100,815.3794,85600
1476712740,812.7650,814.4999,812.2615,813.9300,79100
1476713041,815.5300,815.8500,812.5100,812.5100,61100
1476713340,816.5400,816.7500,815.2600,815.4900,61700
1476713641,815.0100,816.5550,815.0100,816.4400,52200
1476713946,813.9600,815.3400,813.3400,815.0816,63200
1476714243,817.3600,817.3600,813.3300,813.8642,74300
1476714543,818.8900,818.8900,817.3450,817.3450,61100
1476714841,818.6600,819.3800,818.3700,818.9300,45000
1476715142,819.6800,819.8000,817.9800,818.8500,44000
1476715441,818.5100,820.1700,818.5001,819.5100,84500
1476715741,817.1600,818.7400,816.3800,818.5949,48200
1476716040,816.4400,816.9500,815.6900,816.9400,38200
1476716344,816.2200,816.5950,815.5800,816.5095,25100
1476716641,816.9400,817.2200,816.1000,816.2500,24000
1476716942,816.2500,817.4410,816.2300,816.8400,31500
1476717241,815.3500,816.2500,814.5500,816.2500,38400
1476717555,815.3678,815.7100,814.4600,815.4550,49900
1476717847,814.9425,815.1300,814.5200,815.1300,22900
1476718145,814.3700,814.8600,814.1700,814.8600,19800
1476718440,815.4500,815.5500,814.4560,814.6100,21900
1476718748,815.1700,815.5200,814.7000,815.4200,18600
1476719042,815.6590,816.0000,815.0000,815.3700,25800
1476719361,815.4700,815.8800,815.0110,815.8000,10700
1476719648,814.7138,815.5500,814.4400,815.5500,20600
1476719944,814.2700,814.9000,814.2700,814.7200,16900
1476720247,815.2800,815.3100,814.0400,814.2700,26100
1476720540,814.7755,815.3300,814.5191,815.0250,12500
1476720847,814.3320,815.0250,814.0000,815.0250,20700
1476721199,813.5800,814.4089,813.5400,814.4089,18300
1476721499,813.5750,814.0500,813.3292,813.5800,36200
1476721740,812.6800,813.9300,812.4900,813.7000,43500
1476722044,814.0300,814.3950,812.5300,812.6900,27000
1476722340,813.0100,814.4099,813.0100,814.1800,33400
1476722643,813.7750,813.9739,812.7600,813.2750,18000
1476722940,813.8227,813.9600,813.1600,813.6500,10300
1476723265,814.0000,814.3200,813.8601,813.9200,11600
1476723542,814.9300,815.3100,813.7500,813.9100,26300
1476723845,814.6100,815.3472,814.6100,815.0100,18600
1476724156,814.8200,814.9000,814.6200,814.7500,10600
1476724457,815.1300,815.3500,814.6900,814.8700,23500
1476724767,814.5200,815.3902,814.3650,815.0600,16400
1476725041,814.2100,814.5500,813.7400,814.2800,22800
1476725344,814.3500,814.5267,813.5900,814.4300,12900
1476725651,813.9500,814.4200,813.7000,814.2688,13500
1476725970,813.9696,814.2900,813.8100,813.8834,15100
1476726265,813.7400,814.1300,813.7300,813.8200,10200
1476726549,813.7800,814.0800,813.6600,813.6800,13200
1476726840,813.6795,813.8800,813.5400,813.8280,15900
1476727142,812.4626,813.6700,812.3300,813.6500,28400
1476727440,812.9500,812.9500,812.2900,812.3400,48300
1476727799,812.5500,813.3400,812.5000,812.9500,24600
1476728099,812.9400,813.0800,812.4300,812.5300,19300
1476728374,813.1500,813.4900,812.8500,812.9250,30400
1476728644,812.8500,813.3700,812.7900,813.2700,27500
1476728946,813.0300,813.2200,812.7500,812.9800,25900
1476729243,812.9800,813.0000,812.6600,812.8500,25300
1476729543,813.6300,814.0100,813.0200,813.0300,28900
1476729843,813.7600,813.9700,813.3800,813.4100,13000
1476730198,813.2896,813.9700,813.2896,813.8000,12400
1476730468,813.9600,813.9900,813.2700,813.3200,16200
1476730750,814.4700,814.5000,813.8600,813.9100,26400
1476731043,813.9444,814.4900,813.9200,814.4800,19700
1476731341,813.6200,814.2200,813.1700,813.9200,33100
1476731698,812.7251,813.8900,812.5861,813.5000,27800
1476731945,812.7100,813.3700,812.5600,812.7000,45500
1476732241,811.7700,812.8770,811.7215,812.6500,60700
1476732544,812.1000,812.3700,811.6800,811.8000,48000
1476732841,812.4314,812.6800,811.7600,812.0100,43500
1476733145,812.6500,813.2600,812.4400,812.4400,41900
1476733442,812.7050,813.1900,812.5700,812.5700,36500
1476733741,812.6975,813.3000,812.6300,812.6400,35400
1476734040,813.2400,813.2400,812.6550,812.7900,75800
1476734399,812.9400,813.2400,812.5207,813.1800,141600
1476734400,812.9500,812.9500,812.9500,812.9500,110500
1476797640,818.6650,822.3900,818.2700,822.3900,0
1476797950,821.2005,821.2005,818.5600,818.5600,75600
1476798245,821.1700,821.7500,820.6200,821.1100,90800
1476798552,820.5200,821.7000,820.2150,821.3342,45900
1476798842,819.4200,820.8500,819.0000,820.7100,65200
1476799140,816.8450,819.6100,816.0000,819.0200,91600
1476799440,817.3600,818.9560,816.5000,816.6900,47900
1476799741,817.4300,817.6800,816.8000,817.3600,53400
1476800072,816.9800,818.2000,816.9800,817.2700,27600
1476800346,817.2500,817.6120,816.3000,817.3500,39900
1476800647,815.5100,817.2050,815.3200,817.1500,62900
1476800944,816.3800,816.7900,815.5100,815.7600,37700
1476801244,815.0800,816.6500,815.0200,816.3800,33800
1476801541,816.7300,816.7300,815.0200,815.0300,41900
1476801849,816.7200,816.9500,816.3000,816.6800,24400
1476802144,816.7400,817.0500,815.9200,816.8000,27900
1476802442,817.0806,817.3300,816.7900,816.9200,42400
1476802743,817.8200,818.0000,817.1100,817.1100,26100
1476803051,818.7600,818.8500,817.8550,817.9500,38200
1476803341,818.4500,818.8500,818.2500,818.7500,16900
1476803642,818.9532,819.0500,818.3600,818.5700,31600
1476803941,818.9600,819.0900,818.4000,819.0000,22100
1476804250,819.2900,819.6590,818.7600,818.7600,21900
1476804565,818.4600,819.5900,818.4600,819.3000,18400
1476804898,818.4150,818.9500,818.3050,818.7500,11800
1476805140,818.9500,819.0000,818.1500,818.4760,14100
1476805445,819.8400,820.0000,818.9500,818.9700,49500
1476805740,820.0000,820.2300,819.7400,819.9600,26900
1476806049,821.5500,821.6528,820.0300,820.0600,38900
1476806343,822.1100,822.2500,821.3700,821.6300,38400
1476806640,822.0800,822.3754,821.7000,822.1100,39200
1476806966,821.1200,822.0699,820.4600,822.0100,31800
1476807245,820.9200,821.3500,820.9200,821.1300,12700
1476807544,820.3100,821.0200,820.3100,821.0200,42200
1476807850,821.3000,821.3400,820.4600,820.6300,10000
1476808151,821.6950,821.8500,820.9300,821.3500,10800
1476808449,821.7400,821.8700,821.5100,821.8000,13300
1476808744,821.6850,821.8520,821.1000,821.8520,11700
1476809052,822.1000,822.2500,821.7200,821.7200,17200
1476809385,822.2200,822.2200,821.8200,822.0000,14400
1476809646,822.6400,822.6400,822.0100,822.0100,16800
1476809946,822.8300,823.0000,822.3600,822.6700,25700
1476810260,822.4600,822.7300,822.1401,822.7300,10200
1476810552,822.1500,822.4300,821.9400,822.4300,13600
1476810867,822.3000,822.5000,822.0400,822.3000,9500
1476811142,822.5200,822.9000,822.2100,822.3200,15500
1476811440,823.1800,823.2000,822.6000,822.6600,24800
1476811748,822.5100,823.2600,822.3100,823.1530,21000
1476812049,821.4300,822.5200,821.2200,822.5000,22200
1476812354,821.8589,821.8589,821.3100,821.3100,8400
1476812641,821.9700,822.2300,821.7200,821.8600,9200
1476812950,821.5150,822.1800,821.4735,822.0000,13200
1476813258,821.3000,821.7700,821.2900,821.5118,12200
1476813552,821.5950,821.6500,821.2500,821.4300,9800
1476813842,821.8000,821.9600,821.4500,821.4800,8800
1476814142,822.0400,822.0400,821.6400,821.6400,5600
1476814446,821.6050,822.2322,821.4900,822.2322,8800
1476814741,821.9063,822.0400,821.4900,821.8006,16800
1476815041,821.8650,822.1000,821.5150,821.6110,10200
1476815344,822.2500,822.3500,821.9401,822.0500,4400
1476815672,822.2217,822.6100,822.1000,822.4400,7800
1476815965,821.3412,822.1232,821.3000,822.0000,8900
1476816249,821.9200,821.9200,821.3300,821.5000,8200
1476816589,821.4700,821.8700,821.2500,821.7840,9300
1476816847,821.1700,821.5900,821.0000,821.5050,15100
1476817163,821.1900,821.3850,821.0000,821.0900,11900
1476817441,821.1850,821.3600,820.8700,821.3600,15400
1476817751,820.7480,821.3600,820.6600,821.3100,16500
1476818051,820.9691,821.0000,820.7300,820.8000,13000
1476818345,820.2000,821.0000,820.0100,820.9900,23800
1476818645,820.0000,820.4500,819.7900,820.3200,35900
1476818943,819.3000,819.9600,819.0000,819.9344,35200
1476819243,819.3400,819.5500,819.0200,819.2000,30400
1476819540,819.3200,819.9200,819.3200,819.4000,28900
1476819849,819.0100,819.3500,818.8600,819.3300,34400
1476820160,818.7375,819.2710,818.2100,819.0100,42100
1476820440,818.6500,818.8800,818.3300,818.5600,52700
1476820740,817.6400,818.9700,817.6300,818.6500,103700
1476820800,817.6500,817.6500,817.6500,817.6500,110500
1476884097,818.4700,819.9200,817.0000,819.4000,0
1476884347,819.0900,819.8400,818.2600,818.2600,38800
1476884659,818.3800,819.4000,817.5800,819.2800,39100
1476884940,819.8400,820.6700,818.0580,818.4110,54000
1476885240,818.9390,819.8500,818.2801,819.8199,32800
1476885540,818.2800,818.8400,816.1200,818.8200,72000
1476885840,818.5000,818.8400,817.1700,817.8907,47500
1476886148,818.4750,818.8770,818.0100,818.4800,32000
1476886447,817.6300,818.6500,816.7400,818.6500,62600
1476886745,816.7388,817.6300,816.5800,817.5900,30000
1476887040,816.9100,817.2645,816.5500,816.8400,31500
1476887340,817.2592,817.5000,816.3900,817.0100,51900
1476887642,816.5600,817.3500,816.5600,817.1600,41200
1476887952,817.0350,817.1096,816.1200,816.5000,51500
1476888242,816.3450,817.0950,816.0100,817.0100,41000
1476888549,816.1800,816.7000,816.0100,816.4300,19300
1476888844,815.7050,816.5000,815.1700,816.2100,50400
1476889140,816.0042,816.0900,815.4900,815.7600,49100
1476889441,816.2300,816.2567,815.7500,816.1000,29900
1476889741,817.2300,817.3500,816.1000,816.2000,34900
1476890045,817.0000,817.2300,816.6700,817.1630,27900
1476890345,816.4500,817.0300,816.1600,816.9900,14900
1476890641,816.1300,816.5700,816.1200,816.2700,17400
1476890940,816.0200,816.6000,815.7500,816.0550,20300
1476891256,816.6950,816.8654,816.1100,816.1100,17100
1476891556,816.4767,816.8100,816.3400,816.7800,11000
1476891853,816.8900,817.0200,816.3400,816.5500,11600
1476892156,816.9508,817.2000,816.8800,816.9820,14200
1476892440,816.6400,817.2000,816.6400,816.9500,9900
1476892741,816.4900,816.7500,816.2400,816.6000,16300
1476893051,816.3100,816.7500,816.2900,816.7500,9300
1476893350,816.3500,816.6000,816.1100,816.5900,7700
1476893680,816.9100,816.9100,816.3200,816.3750,8300
1476893946,817.9400,817.9400,816.8300,816.9100,27600
1476894240,818.1636,818.3600,817.6800,817.8400,20600
1476894553,817.7600,817.9890,817.3500,817.8600,14400
1476894853,817.9900,817.9900,817.5000,817.5500,9600
1476895144,817.9300,818.1900,817.8500,818.1350,8600
1476895441,817.9400,818.1000,817.6950,817.9500,10200
1476895754,818.2180,818.2500,817.9700,817.9700,10900
1476896083,818.5000,818.8000,818.0400,818.1600,13900
1476896340,818.3700,818.5900,818.0000,818.4100,9300
1476896644,818.5000,818.7800,818.3700,818.5300,20500
1476896993,818.4500,818.7300,818.2500,818.5800,6600
1476897262,818.4100,818.4100,818.1500,818.3100,5200
1476897558,818.5500,818.5500,818.2700,818.4300,6400
1476897842,819.7195,819.7300,818.4000,818.6300,38400
1476898199,819.1100,819.7800,818.4100,819.6676,27900
1476898446,818.6400,819.3200,818.6100,819.1150,14300
1476898747,819.0100,819.1300,818.6642,818.6642,26300
1476899042,818.7150,819.0000,818.2200,819.0000,15200
1476899341,818.4300,818.7700,818.2400,818.7200,21200
1476899647,818.6500,818.8900,818.1200,818.2740,11800
1476899941,818.8950,819.0450,818.6468,818.8400,8500
1476900242,819.0564,819.4950,818.6000,819.0000,11300
1476900549,819.5500,819.6900,819.1900,819.1900,11800
1476900845,819.2550,819.6500,819.1200,819.6000,22100
1476901143,819.2200,819.4400,819.1000,819.2248,10700
1476901445,818.7900,819.4400,818.6400,819.1600,11400
1476901748,818.7100,819.2000,818.6300,818.7700,8400
1476902048,818.4700,818.7399,817.8000,818.5900,17800
1476902367,817.9600,818.5400,817.7100,818.4499,10200
1476902641,817.9700,818.1300,817.7100,818.1100,10300
1476902944,817.8100,818.2500,817.7212,817.9700,16600
1476903240,817.2800,817.9500,817.1300,817.7680,13600
1476903547,816.8500,817.5800,816.6000,817.4600,17500
1476903843,817.1300,817.1700,816.7000,816.9073,18700
1476904140,817.3626,817.5670,816.9000,817.1404,17600
1476904448,817.8330,817.8330,817.1800,817.4849,14300
1476904747,817.9178,817.9178,817.4300,817.6800,13800
1476905052,817.8975,818.0568,817.7600,817.9050,22300
1476905366,818.2500,818.3800,817.8600,817.9900,20700
1476905640,817.6800,818.2500,817.6400,818.2500,13700
1476905947,818.0050,818.2300,817.5300,817.6300,17300
1476906271,818.4375,818.5708,818.0600,818.1600,24500
1476906540,818.5200,818.9800,818.3400,818.4000,29900
1476906841,817.9300,818.3700,817.2600,818.3600,38700
1476907140,817.6800,818.0000,817.2700,817.8500,67400
1476907200,817.6900,817.6900,817.6900,817.6900,150000
1476970441,809.8500,814.1700,803.1000,814.0700,0
1476970740,806.2500,811.5000,806.2500,809.7800,150000
1476971041,809.3308,809.7500,806.2500,806.2800,74900
1476971341,811.2600,812.5100,809.0300,809.4200,81500
1476971641,810.7340,812.4400,810.6600,811.1749,73200
1476971940,810.9100,811.7000,810.3100,810.6900,46400
1476972298,811.1629,812.4300,810.0600,810.7821,51000
1476972543,810.6400,812.1400,810.5100,811.3500,34900
1476972840,810.2400,810.8500,809.5800,810.5500,43800
1476973144,810.9100,812.0100,810.0756,810.1500,22700
1476973443,810.5900,811.3782,810.5900,810.9866,20000
1476973743,810.4500,810.8900,809.7200,810.7390,29900
1476974043,809.2167,810.3900,809.0300,810.1100,46200
1476974343,808.8900,809.5600,808.3600,809.0600,53800
1476974656,809.3300,809.6900,808.8050,808.9800,30300
1476974948,809.9700,809.9800,808.0000,809.2101,38200
1476975254,810.0850,810.7100,809.7110,809.8300,29900
1476975546,809.6300,810.1050,809.0200,809.9500,38100
1476975840,809.3300,810.0000,808.8500,809.5200,22300
1476976140,808.8500,809.6900,808.8500,809.2554,12100
1476976444,809.3300,809.8900,808.5300,808.6000,31600
1476976749,810.1000,810.7000,809.3600,809.3600,43100
1476977040,809.7900,810.6500,809.7400,810.1500,37400
1476977399,810.4400,810.4700,809.7900,809.8200,24700
1476977649,810.1650,810.6200,809.7100,810.3030,32500
1476977941,809.8100,810.3800,809.8100,810.0630,19100
1476978240,810.2000,810.5400,810.0400,810.0400,8100
1476978573,810.4700,810.5500,810.0100,810.0101,8500
1476978850,810.1400,810.5500,809.6800,810.3300,11300
1476979152,810.8100,810.8100,809.5400,809.9600,22200
1476979447,813.0200,813.2800,810.2900,810.9700,69000
1476979742,812.5240,813.0100,812.0300,813.0100,20600
1476980046,812.3500,812.7300,811.6500,812.3700,14200
1476980344,812.8700,813.0100,812.3400,812.3400,13500
1476980642,812.5000,813.2000,812.4900,812.8300,11700
1476980944,813.4500,813.6000,812.4700,812.6200,31200
1476981244,814.0691,814.1500,813.5000,813.5000,33200
1476981599,814.8464,815.3700,813.7500,814.0900,45200
1476981841,813.8700,815.7100,813.3700,815.0000,53500
1476982147,813.6100,814.2600,813.5400,813.7800,17600
1476982499,812.9900,814.2300,812.7500,813.8000,31400
1476982779,813.2747,813.6625,813.0000,813.0400,9000
1476983041,813.1300,813.7400,812.8500,813.2600,17200
1476983341,813.2600,813.7800,813.0900,813.0900,10900
1476983652,812.9510,813.5899,812.8600,813.5899,14500
1476983946,812.7650,813.1500,812.3500,812.9800,16500
1476984256,812.3900,812.7650,812.2500,812.7650,15100
1476984548,812.7300,812.7300,812.3500,812.3500,9200
1476984874,813.2628,813.5700,812.6718,812.6718,15100
1476985140,813.0200,813.5500,812.7099,813.2500,12900
1476985468,812.3100,813.0900,812.3100,812.9000,11600
1476985752,809.6875,812.4900,809.5500,812.2000,52200
1476986098,808.5800,809.7800,808.5100,809.5100,49100
1476986347,809.0700,809.8300,808.3600,808.5800,48800
1476986646,809.4605,809.9000,808.8200,809.2700,32000
1476986940,810.7600,811.1500,809.5600,809.7200,27400
1476987243,810.8600,811.3100,810.4946,810.6861,19100
1476987550,810.3800,810.9000,809.8647,810.9000,16100
1476987845,810.5400,811.0932,810.1700,810.3800,17900
1476988141,811.4598,811.6400,810.7700,811.0000,25000
1476988447,811.4900,811.8000,811.0000,811.4800,27400
1476988740,811.7100,812.8000,811.4025,811.4025,34300
1476989045,811.8100,812.2000,811.0500,812.2000,25400
1476989348,812.7500,812.7500,811.1915,811.9000,30300
1476989651,811.4500,812.9900,811.3800,812.4800,22100
1476989976,811.5700,812.2700,811.2000,811.7400,30800
1476990197,811.1700,811.8800,810.7000,811.6900,24800
1476990544,811.6000,811.7400,810.7000,811.1100,21400
1476990847,811.3400,811.7300,811.1100,811.5900,12800
1476991157,811.0000,811.4300,810.5100,811.4200,21800
1476991447,811.8050,812.0500,811.1100,811.1200,20000
1476991740,812.0700,812.4200,811.5600,811.8050,36900
1476992044,811.5000,812.5100,811.5000,812.0700,36100
1476992340,811.4325,811.7750,810.8600,811.3000,24000
1476992641,811.6200,811.7200,811.0000,811.3000,37100
1476992946,811.9500,811.9900,810.8600,811.5089,37900
1476993240,811.0200,811.9150,811.0000,811.8800,67000
1476993599,810.3100,811.6100,810.2100,811.0200,110400
1476993600,810.3200,810.3200,810.3200,810.3200,213500
1477056840,811.4900,813.4900,810.4000,812.0000,0
1477057140,814.0000,814.3100,810.6200,811.0500,87500
1477057441,812.8310,815.4500,812.0700,813.5850,97300
1477057744,812.7500,813.7000,812.0500,812.4700,63600
1477058041,812.4700,813.1800,811.1200,812.8200,38900
1477058346,812.5399,813.6900,812.1450,812.6600,42700
1477058643,812.7350,813.2600,812.1800,812.6500,22700
1477058942,812.5300,813.2700,812.3500,812.6400,19600
1477059240,812.0500,813.2400,811.7700,812.6500,34100
1477059545,812.4900,813.1750,812.0500,812.1700,13700
1477059869,812.4000,812.9000,811.9150,812.5550,17600
1477060165,812.4300,812.7000,811.9600,812.4725,18000
1477060453,813.3200,813.7200,812.0000,812.5000,39400
1477060748,813.2750,813.7000,812.7300,813.3800,16300
1477061041,814.0000,814.7800,813.4665,813.4700,59800
1477061349,814.1850,814.5400,813.7500,814.0903,17200
1477061677,814.3300,814.5500,813.8100,814.0900,17300
1477061967,814.2300,814.6000,813.9400,814.4500,19400
1477062244,813.9550,814.4700,813.8000,814.2200,25600
1477062545,814.8900,815.2200,813.9350,813.9650,36600
1477062844,815.2900,815.3900,814.5600,815.0000,21500
1477063147,815.2600,815.2600,814.7500,815.2000,18200
1477063456,814.7800,815.2330,814.7800,815.2330,17500
1477063741,814.8900,814.9100,814.3200,814.7800,20200
1477064046,814.5600,814.8400,814.0500,814.7900,18800
1477064348,814.5600,814.7000,814.2700,814.4467,12700
1477064648,814.8900,814.9650,814.4900,814.6000,16300
1477064951,815.5060,815.6800,814.9250,814.9250,26500
1477065249,816.0300,816.0412,815.5500,815.5500,25500
1477065540,816.0350,816.5000,815.8700,816.0300,30400
1477065842,817.4200,817.4200,816.0000,816.0000,30600
1477066163,817.2400,817.6800,816.6900,817.5000,38200
1477066456,817.2900,817.7300,817.1330,817.3770,33200
1477066748,817.5700,817.8500,817.2400,817.3400,28500
1477067042,817.1500,817.7400,816.9400,817.5800,22400
1477067342,817.2600,817.4700,816.9900,817.0950,18300
1477067640,817.0300,817.5800,816.9800,817.4600,19200
1477067942,816.5400,817.0800,816.3900,816.9700,18600
1477068253,816.6200,817.0100,816.4700,816.4700,26400
1477068551,817.6150,817.6200,816.7900,816.7900,16400
1477068848,817.6100,817.7900,817.1300,817.7000,42300
1477069140,818.0900,818.1600,817.2898,817.5000,28500
1477069441,818.0900,818.3000,817.8500,818.0500,19100
1477069742,818.4250,818.5000,818.0100,818.2100,19200
1477070040,818.4700,818.7000,818.2800,818.4000,19400
1477070348,818.6200,818.6500,818.1400,818.4200,15700
1477070643,818.3090,818.7000,818.1350,818.5000,19200
1477070948,818.1190,818.7900,818.1190,818.2900,20400
1477071265,817.7350,818.2500,817.2500,818.1750,21000
1477071549,817.3300,817.7100,817.0000,817.7100,18300
1477071844,818.0000,818.0800,817.3600,817.3600,23300
1477072142,818.1100,818.4200,817.6400,818.0700,17500
1477072451,817.8200,818.5300,817.7100,818.1580,10600
1477072751,817.8500,818.1000,817.6100,817.7800,12200
1477073041,818.4300,818.5300,817.7700,817.8200,16300
1477073340,817.3600,818.4800,817.0750,818.4800,26000
1477073644,816.8000,817.2000,816.6600,817.1500,19200
1477073941,817.1900,817.2600,816.7000,816.9250,19100
1477074245,817.4400,817.4400,816.7600,817.0750,17000
1477074541,817.2800,817.4100,817.0000,817.3200,15400
1477074858,817.0000,817.3400,816.8300,817.0400,8900
1477075149,817.5900,817.5900,816.8000,816.9000,17000
1477075450,817.4750,817.8000,817.2010,817.6600,16300
1477075798,817.5500,817.8140,817.4400,817.5000,12300
1477076046,817.4250,817.7100,817.2216,817.7100,12600
1477076340,817.5950,817.7100,817.1600,817.4900,41300
1477076645,817.8900,817.9158,817.6500,817.7300,19700
1477076945,817.4950,818.0000,817.4950,817.9250,21200
1477077241,816.3200,817.5700,816.2150,817.4900,32600
1477077544,816.5800,816.8800,816.0100,816.1000,25200
1477077846,815.5600,816.6100,815.4750,816.5500,37700
1477078142,816.2750,816.3600,815.6300,815.6300,22900
1477078442,816.6200,816.7300,816.2000,816.3200,28300
1477078743,816.3500,816.6750,816.2400,816.5400,32000
1477079040,816.7800,816.8500,816.2600,816.2800,37000
1477079343,817.0700,817.2400,816.7024,816.7800,31300
1477079640,817.7600,817.8300,817.1400,817.1400,84000
1477079940,819.0000,819.4200,817.7000,817.7300,229500
1477080000,818.9900,818.9900,818.9900,818.9900,139000
1477316042,823.6750,827.3000,822.2100,825.6800,0
1477316340,823.9800,824.1400,822.5700,823.6700,84200
1477316641,824.2500,824.2500,823.0400,824.0000,85100
1477316940,827.7040,827.9999,823.9600,824.1800,137600
1477317240,829.1650,829.5000,827.6100,827.8313,96800
1477317540,831.1792,832.0200,828.6200,829.0500,105200
1477317841,829.8050,831.7600,829.5100,831.5000,66800
1477318141,832.0732,833.2200,829.7400,829.9000,82900
1477318441,830.8100,833.2100,830.1600,832.2600,70200
1477318740,830.0100,832.0338,830.0001,830.9000,83200
1477319047,830.9036,831.5000,829.8000,830.0000,45900
1477319344,830.6200,831.2310,830.4000,831.0900,27700
1477319644,830.0100,831.0000,829.4400,830.9000,49100
1477319946,829.8700,830.4400,829.4800,830.2496,31600
1477320241,828.9800,829.9900,828.6500,829.8827,34800
1477320547,829.7274,830.3000,828.8100,829.1600,35300
1477320842,830.7448,830.8800,829.7500,829.8386,32000
1477321141,832.2600,832.5900,830.7920,830.7920,52800
1477321440,832.5300,833.1100,831.8600,832.2100,49200
1477321747,832.2300,832.6600,831.7600,832.5800,26200
1477322040,832.7400,832.8800,832.1500,832.1600,38000
1477322340,833.1740,833.3900,832.2601,832.5600,45300
1477322640,832.6700,833.7444,832.2500,833.0636,45300
1477322952,832.5900,832.9000,832.2601,832.4700,25600
1477323240,832.1940,832.5500,831.8700,832.5000,30300
1477323544,833.1000,833.5000,832.1600,832.3100,36900
1477323851,832.9100,833.3700,832.6100,833.1500,34900
1477324142,834.2940,834.5200,832.7161,832.8480,54200
1477324446,834.0844,834.7500,833.8100,834.3271,27700
1477324745,833.4500,834.4200,833.4300,834.2000,26500
1477325042,832.8750,833.4900,832.7300,833.4400,37400
1477325340,832.5800,832.8999,831.9100,832.6700,35500
1477325647,832.4400,832.8925,832.2500,832.4770,33700
1477325940,832.2000,832.6300,832.2000,832.4100,19500
1477326242,832.0500,832.3700,831.7300,832.3300,31500
1477326545,831.4100,832.0800,831.3500,832.0625,23000
1477326877,831.1212,831.6300,830.0300,831.5900,52000
1477327155,831.4700,831.9540,831.1400,831.1500,20000
1477327470,832.3412,832.4600,831.3200,831.3200,22500
1477327744,832.7100,832.8500,832.2500,832.4600,17400
1477328042,833.4000,833.4000,832.7601,832.8000,15800
1477328349,832.8000,833.3499,832.5200,833.3081,16900
1477328643,833.3300,833.5900,832.6720,832.7300,24000
1477328942,834.1404,834.2200,833.2800,833.4100,20000
1477329299,834.1519,834.5100,834.0000,834.2000,26100
1477329540,834.4087,834.5495,834.0600,834.2000,28900
1477329845,834.6100,834.6300,834.2800,834.4800,20200
1477330146,833.4700,834.6400,833.4700,834.6200,33300
1477330443,833.5350,833.8600,833.2200,833.3500,13900
1477330799,832.5900,833.6500,832.5900,833.6450,30000
1477331050,833.3350,833.4899,832.5300,832.5600,15500
1477331340,833.2700,833.4200,833.0500,833.3000,22800
1477331650,833.7200,834.0000,833.0500,833.1000,15400
1477331946,834.6500,834.7000,833.7700,833.8400,33700
1477332243,834.4900,834.9950,834.2600,834.6900,29200
1477332542,834.6280,834.8639,834.3200,834.3500,15000
1477332851,835.0544,835.1500,834.5010,834.7200,24500
1477333140,834.8900,835.4770,834.7400,835.1500,37100
1477333443,834.9007,835.2250,834.6800,834.9732,27100
1477333741,834.6750,835.0000,834.4200,834.7900,21700
1477334041,835.7300,835.7700,834.7500,834.8200,19800
1477334362,835.1200,835.8970,835.1200,835.6228,19500
1477334652,836.1000,836.1000,835.1800,835.1900,31400
1477334940,836.4200,836.7100,835.9500,835.9600,39200
1477335245,835.3800,836.4500,835.3600,836.3100,25900
1477335543,835.5700,835.9600,834.8300,835.4484,44000
1477335849,835.7300,836.0200,835.4600,835.4600,20900
1477336140,835.2500,835.7400,834.6000,835.7400,43200
1477336445,835.5199,835.5650,835.0710,835.2600,23700
1477336743,835.2358,835.7114,835.1700,835.4650,39200
1477337040,834.6100,835.4293,834.5500,835.3000,39100
1477337345,834.5000,834.9460,834.2500,834.6694,40700
1477337642,833.7400,834.5500,833.2600,834.5500,58500
1477337999,834.5450,834.7200,833.8000,833.8800,42000
1477338241,834.8500,834.8500,834.1700,834.5200,59600
1477338541,835.9000,836.1700,834.8150,834.8150,75000
1477338844,836.9100,837.4700,835.8800,835.9300,124100
1477339140,838.0900,838.3000,836.8000,836.9000,538100
1477339200,837.7100,837.7100,837.7100,837.7100,100
1477402440,835.0400,839.2001,834.5100,838.4500,0
1477402742,836.6450,836.8300,833.7000,835.0881,121200
1477403042,836.7400,837.4000,835.5500,836.5500,77200
1477403347,836.8100,838.7500,835.6550,836.7700,78500
1477403647,835.9800,837.1450,835.5600,836.8250,47300
1477403946,836.8389,837.9100,836.0600,836.0700,45800
1477404243,837.2000,837.3700,835.2100,836.7300,48000
1477404544,837.8500,838.4508,837.0000,837.3500,42500
1477404840,837.6700,838.2000,836.5000,838.0100,41800
1477405142,837.9900,838.5000,837.4800,837.9500,38000
1477405442,837.5400,838.3800,837.5000,837.9100,42500
1477405740,837.5800,837.9440,837.2600,837.5100,30900
1477406040,837.6150,837.9900,836.9500,837.5000,36500
1477406359,838.5100,839.1200,837.5100,837.5100,72100
1477406640,839.0000,839.5900,837.7300,838.3500,62300
1477406946,839.0700,839.4300,838.1500,838.7700,47800
1477407299,839.2837,839.3999,838.3500,839.1516,44200
1477407548,840.4100,840.9800,839.0950,839.2104,82100
1477407840,840.9494,841.4000,840.0200,840.3400,66800
1477408150,841.7184,841.9300,840.5608,840.8800,46700
1477408496,841.6222,842.2900,840.7200,841.8000,52600
1477408745,841.7300,841.9800,841.0400,841.5832,30900
1477409040,841.4250,841.8200,840.6400,841.7200,50100
1477409340,842.8900,843.0900,841.2756,841.5600,58700
1477409640,840.8800,843.0000,840.8000,842.9800,53500
1477409950,841.0800,841.6400,840.7100,841.0400,31700
1477410246,839.7300,841.1450,839.5000,841.0500,58800
1477410541,840.1126,840.3000,839.6100,839.7100,28400
1477410842,839.9500,840.4900,839.7400,840.0500,52300
1477411143,839.8700,840.2799,839.5000,839.9400,21800
1477411466,839.6000,840.1500,839.5000,839.7700,20800
1477411798,838.9000,839.7950,838.2700,839.6200,36400
1477412044,838.5400,839.1300,838.3200,839.0100,18900
1477412341,837.5900,838.5000,837.5000,838.5000,24900
1477412644,837.3000,837.7400,836.8000,837.5100,32800
1477412951,837.3900,838.0939,837.2000,837.3700,20300
1477413246,836.8800,837.7100,836.8800,837.3600,21900
1477413543,836.1900,836.9200,835.1100,836.8700,47000
1477413840,835.8500,836.2000,835.3900,836.1664,19100
1477414150,835.2900,835.9800,835.2900,835.9050,20600
1477414444,835.3900,835.4700,834.7500,835.2800,50600
1477414746,835.1140,835.4500,834.8600,835.3200,19200
1477415045,834.8000,835.2050,834.0411,835.2050,29400
1477415367,834.4148,835.0000,834.4148,834.8100,19600
1477415645,834.0330,834.5750,833.2300,834.4900,42600
1477415948,834.0050,834.2900,833.9000,834.0500,22200
1477416251,833.2500,834.1300,833.2500,834.0000,19200
1477416546,834.1200,834.8300,833.2200,833.3111,35300
1477416842,835.3600,835.5390,833.7600,834.4700,24400
1477417149,834.9400,835.6900,834.9400,835.3700,24400
1477417446,834.9000,835.3500,834.5805,834.9500,14900
1477417749,835.8900,836.1600,834.6950,834.9200,22800
1477418040,836.3300,836.8100,835.7168,835.8000,43300
1477418349,836.1500,836.7000,835.8900,836.2200,29200
1477418645,836.0500,836.8500,836.0000,836.2800,22500
1477418940,836.4300,836.6300,835.5100,835.9000,22700
1477419240,836.2000,836.8100,836.2000,836.3600,15900
1477419543,835.5900,836.1800,835.3600,836.0200,16600
1477419848,835.2665,835.8190,835.0600,835.5000,17100
1477420146,835.6100,835.7522,834.9801,835.5000,19500
1477420443,834.7600,835.6171,834.5900,835.4500,19400
1477420796,835.3599,835.3599,834.5000,834.6100,13300
1477421096,835.4170,835.4170,834.6010,835.1400,19900
1477421399,834.8550,835.3400,834.6100,835.2100,19600
1477421645,834.3500,834.7804,834.0000,834.7250,18800
1477421945,834.4210,834.8700,834.3700,834.4800,16800
1477422243,834.2500,835.1000,834.2500,834.6800,15700
1477422541,834.9222,835.0000,834.3100,834.3400,20800
1477422844,834.2750,834.9800,834.2150,834.9600,23200
1477423141,834.2000,834.5000,833.7500,834.2000,45800
1477423444,834.4400,834.8500,834.0100,834.1600,25900
1477423743,834.6200,835.2000,834.3700,834.4900,29400
1477424054,834.2600,834.9369,834.2386,834.9369,15500
1477424346,834.3600,834.5000,834.0100,834.2535,24100
1477424641,834.2528,834.8299,834.0600,834.2700,27500
1477424940,834.7600,834.8800,833.6767,834.2000,41700
1477425298,834.8950,835.0440,834.3000,834.8300,66500
1477425540,835.1200,835.1900,834.0000,834.8900,142200
1477425600,835.1800,835.1800,835.1800,835.1800,105400
1477488841,828.7900,832.0350,826.5000,832.0350,0
1477489142,829.2400,829.8900,826.5900,828.8500,94600
1477489440,829.3200,830.5850,828.6400,829.5500,93400
1477489799,828.0000,829.4800,826.6500,829.4000,76800
1477490040,825.8700,828.1000,824.5300,827.9500,133400
1477490340,826.2241,826.6000,825.4770,825.6350,68700
1477490642,826.3800,826.4800,825.0600,826.1000,78800
1477490945,826.3601,827.4200,825.7200,826.4900,46300
1477491241,826.4500,827.0031,825.7600,826.1000,49800
1477491555,825.1000,826.9300,825.0600,826.6700,43800
1477491841,825.6500,825.9400,824.7100,825.2550,48600
1477492145,824.5000,825.7800,824.5000,825.5700,46900
1477492444,824.7600,825.5000,824.1500,824.6400,43800
1477492740,827.3200,827.5000,824.8700,824.8700,66200
1477493044,826.8200,827.3350,825.5300,827.0050,44900
1477493346,826.3050,827.2300,826.0400,826.8100,25000
1477493646,825.6700,826.6200,825.6500,826.2500,29600
1477493940,827.3575,827.6000,825.5200,825.6400,31700
1477494241,827.9300,828.7800,827.3600,827.3600,47900
1477494543,827.9000,828.5064,827.5000,827.7500,31900
1477494840,829.0800,829.2600,827.8800,827.9900,34800
1477495141,828.5200,829.9300,828.3300,828.8800,51500
1477495448,829.1825,829.6700,828.4400,828.4400,45300
1477495747,828.6000,829.4100,828.6000,829.4100,34300
1477496040,828.7400,828.8611,827.5000,828.7000,63400
1477496356,828.1376,828.8600,827.7000,828.6800,23900
1477496640,827.3500,828.3000,827.1100,828.3000,16900
1477496941,826.4800,827.4700,826.1000,827.1360,35300
1477497243,826.5364,827.3000,826.3001,826.6050,22100
1477497551,826.1800,826.6600,825.5550,826.3500,24900
1477497844,825.7600,826.3170,825.5600,826.2095,27100
1477498140,825.0900,825.9900,825.0200,825.9800,25500
1477498441,825.3150,825.9077,824.8300,825.0691,57000
1477498748,825.6500,826.0800,824.9900,825.4300,36400
1477499044,825.3700,826.0200,825.3700,825.6150,17300
1477499398,824.7800,825.6700,824.5800,825.4100,36500
1477499650,824.2500,825.0900,824.2500,824.7697,44100
1477499945,824.6400,825.0400,824.0000,824.3400,52500
1477500246,824.2700,824.6400,824.1000,824.4665,27100
1477500541,824.7400,824.8670,824.0000,824.2900,34100
1477500840,824.1500,825.0000,823.8110,824.7600,48400
1477501142,824.0000,824.2900,823.6900,824.0100,31500
1477501440,824.2000,824.6548,823.9000,823.9754,34000
1477501745,823.1300,824.2800,823.1300,824.0900,33000
1477502040,821.1100,823.2720,821.1100,823.1234,58600
1477502341,820.9300,821.3500,820.0000,821.1000,106100
1477502640,822.8800,823.2900,820.7600,820.9650,66200
1477502946,822.6400,823.1500,822.2824,822.6700,22300
1477503241,822.5600,823.0900,822.1300,822.6700,26500
1477503544,821.6794,822.6100,821.5100,822.4000,27800
1477503843,821.8500,822.0000,821.0000,821.7150,35800
1477504144,822.6382,822.6382,821.2901,821.8200,24600
1477504454,822.1700,823.1800,822.1700,822.6422,45200
1477504799,822.6200,822.8738,821.8000,822.1740,40600
1477505040,822.1350,822.9945,821.8003,822.5600,22700
1477505398,822.9500,822.9800,821.6100,821.9500,17900
1477505640,822.6200,823.1800,822.5200,822.9300,48100
1477505943,822.0500,823.0500,821.7710,822.6925,38300
1477506254,822.6500,822.7444,821.9700,822.1619,30800
1477506540,822.8200,823.0900,822.4500,822.5200,26800
1477506846,822.7850,822.9800,822.5700,822.6700,22300
1477507144,823.4575,823.8700,822.5800,822.7400,35000
1477507440,824.7493,824.8000,823.1156,823.4400,53800
1477507759,825.3600,825.9400,824.7000,824.7800,56700
1477508099,824.7900,825.5777,824.7500,825.4650,54200
1477508341,825.4400,825.6700,824.5011,824.8100,33000
1477508645,824.6800,825.4890,824.3800,825.4300,24100
1477508952,824.9600,825.1600,824.3500,824.5900,35600
1477509250,824.9000,825.3900,824.8000,824.9150,46100
1477509543,824.5700,825.2800,824.5700,824.7850,32300
1477509847,824.9100,825.3050,824.5600,824.5600,37500
1477510144,824.6500,825.0500,824.6200,824.9250,24900
1477510440,824.7750,824.9900,824.2300,824.6400,41500
1477510799,824.3950,824.8510,824.0800,824.8510,42600
1477511042,823.5800,824.4500,823.3200,824.3800,57500
1477511341,823.0900,824.0900,823.0600,823.6600,57600
1477511640,822.3300,823.7900,822.3000,823.1500,97200
1477511940,822.5700,822.9300,822.1500,822.3350,141100
1477512000,822.5900,822.5900,822.5900,822.5900,205500
1477575241,828.7600,831.7200,827.9800,830.0000,0
1477575599,825.9050,829.8800,825.8800,828.7700,130000
1477575840,825.4100,826.0450,822.2100,825.9000,133800
1477576141,823.8872,827.4100,823.5600,825.5890,111900
1477576441,824.4500,824.9100,823.1800,823.8900,77300
1477576740,824.2700,825.2000,823.6950,824.4250,59100
1477577040,822.4000,824.8600,821.1400,824.6200,92200
1477577346,822.2250,823.4000,821.8900,822.6376,85400
1477577648,823.7400,824.2024,822.0100,822.0387,61300
1477577945,824.5900,825.6600,823.1400,823.7800,66900
1477578240,823.0374,825.2100,822.6000,824.4500,52200
1477578546,821.2800,822.9700,820.7500,822.7950,83600
1477578844,821.8000,822.8000,821.3352,821.4100,49500
1477579140,820.5000,821.7000,819.7800,821.7000,71400
1477579448,820.5600,821.3100,820.1000,820.5900,35400
1477579743,820.7200,820.9100,819.5700,820.8706,72600
1477580040,820.8800,821.1900,820.0000,820.7300,65800
1477580340,819.6500,820.9223,819.6000,820.9223,55000
1477580646,820.0000,820.8230,819.1800,819.5800,42600
1477580942,821.5100,821.8300,819.6100,819.9500,48900
1477581244,820.3300,821.5700,820.3300,821.3650,36600
1477581548,821.0950,821.5100,820.2900,820.2900,58000
1477581841,821.5700,821.8000,820.8600,821.1600,63000
1477582150,822.5200,822.5200,821.2000,821.4300,65300
1477582440,823.2420,824.2000,821.8050,822.4150,86700
1477582742,824.5000,824.5900,823.4215,823.4300,76000
1477583042,823.5150,824.5800,823.2600,824.4560,46400
1477583342,823.5800,824.2500,823.0748,823.5600,35900
1477583642,823.9400,823.9950,823.0900,823.6900,27600
1477583941,824.1000,825.1600,823.6600,823.9000,49900
1477584240,824.3509,824.8600,823.7500,824.1900,42600
1477584541,823.7110,825.0600,823.6700,824.3668,65600
1477584844,825.0300,825.2380,823.8100,823.8100,41600
1477585141,824.2760,825.1200,824.2000,824.8700,45500
1477585445,824.8500,825.0000,824.3000,824.4800,42300
1477585740,825.1800,825.1800,824.6000,824.8200,45400
1477586040,824.6500,825.1800,824.6000,825.1100,41800
1477586399,824.0800,824.8500,823.3200,824.8000,45100
1477586641,823.3580,824.0900,823.0000,823.7900,29300
1477586947,822.8125,823.2500,822.0100,823.2500,49400
1477587242,822.5200,823.2900,822.5000,822.8600,35100
1477587542,823.0300,823.1000,822.5900,822.7400,29100
1477587852,822.5500,823.4700,822.3600,822.9500,32100
1477588140,820.0800,822.6200,820.0000,822.5464,72100
1477588440,819.9400,820.7800,819.5114,820.2524,60300
1477588746,821.3900,821.5000,819.9048,819.9048,37100
1477589046,821.2750,821.8100,821.1550,821.2712,27700
1477589351,821.6200,821.7100,821.1500,821.2700,25300
1477589650,820.8500,821.7700,820.8106,821.6556,26500
1477589942,821.3400,821.6999,820.7300,820.9048,28000
1477590251,821.1325,821.7250,820.7300,821.2650,35600
1477590548,820.4900,821.2300,820.1400,821.1200,43400
1477590840,821.1000,821.1900,820.2600,820.2601,25900
1477591199,820.8600,821.3300,820.6800,821.0264,27100
1477591442,821.2499,821.2700,820.6500,820.9800,29700
1477591740,821.0400,822.0000,821.0000,821.0600,37900
1477592046,820.9900,821.4400,820.4400,821.1000,50800
1477592346,821.0000,821.6000,820.6301,820.9550,32900
1477592647,820.5000,821.1700,820.4000,821.0400,30100
1477592942,820.3700,820.7050,819.9300,820.5100,54900
1477593240,820.3100,820.6900,819.6300,820.3600,65500
1477593548,820.2000,820.4613,819.8001,820.4400,35700
1477593843,820.7450,820.8900,820.0300,820.1100,29300
1477594149,820.2820,820.8400,820.0000,820.7100,27200
1477594440,820.5200,820.8100,819.6000,820.1950,49500
1477594743,819.8300,820.5500,819.7500,820.4988,50600
1477595042,819.6024,820.1900,819.5000,820.0294,56300
1477595345,820.2200,820.3729,819.4100,819.6100,98900
1477595640,819.7900,820.3300,819.4000,820.3300,105300
1477595941,819.2000,819.7400,819.0000,819.7400,89800
1477596242,819.5500,819.6400,819.0600,819.1050,51000
1477596540,819.8200,820.1800,819.4510,819.6200,76900
1477596841,819.6050,820.1400,819.0900,819.7600,94300
1477597140,821.7200,821.9700,819.3800,819.5300,126100
1477597442,822.1800,822.5000,821.5500,821.7400,171000
1477597740,821.4100,823.0000,821.1900,822.2400,132500
1477598040,819.0270,821.3100,818.0000,821.3000,213200
1477598340,818.8600,819.0200,815.4300,819.0000,1089300
1477598400,818.3600,818.3600,818.3600,818.3600,0
1477661640,778.4700,782.4800,774.6100,782.0000,1348000
1477661940,777.2050,780.9300,776.2800,778.3700,474800
1477662240,779.6104,780.0000,776.7600,777.1700,382600
1477662541,782.7300,783.6400,778.5300,779.4300,335400
1477662840,781.5268,783.2600,779.3900,782.4442,411400
1477663140,780.9800,782.2490,780.5000,781.4950,198800
1477663440,780.6400,781.2200,778.8650,780.9500,246900
1477663741,778.7900,781.5000,778.7900,780.7400,198800
1477664041,779.7200,780.0000,778.0000,778.9550,177700
1477664399,782.2410,782.6800,779.0300,779.7900,172200
1477664640,780.0200,782.5800,780.0150,782.4600,130800
1477664943,783.6000,784.4000,779.6600,780.3250,161400
1477665240,785.5550,786.2500,783.0030,783.6220,212600
1477665541,787.4100,787.7250,785.0501,785.7700,200900
1477665841,787.0850,789.4900,786.7500,787.5700,231400
1477666140,785.4100,786.9900,784.5600,786.9800,165400
1477666442,784.0000,786.4300,783.0100,785.3500,173300
1477666740,785.1984,785.9500,783.6700,784.0400,121800
1477667040,785.2710,785.4000,783.5900,785.2116,110700
1477667352,784.4000,785.6400,784.0100,785.0000,102000
1477667699,783.0360,784.4500,782.2500,784.4460,130900
1477667941,781.5600,783.3700,781.5600,783.1800,124700
1477668299,781.7970,782.5900,780.9000,781.5900,119900
1477668592,781.8600,782.4564,781.2195,781.5000,68400
1477668899,782.7600,783.1600,781.5200,781.7850,75400
1477669146,782.4700,783.0200,782.2000,782.9600,65100
1477669454,783.4500,783.6450,782.3900,782.4900,62500
1477669746,783.9110,784.6050,783.1100,783.3650,78900
1477670040,784.3100,784.4405,783.0000,783.7700,62500
1477670343,783.2067,784.6000,782.5100,784.3200,83600
1477670640,781.3650,783.6000,780.8500,783.1600,79600
1477670941,783.7800,783.8900,781.5300,781.7750,87100
1477671240,786.5700,786.8000,782.9300,783.9700,167000
1477671544,785.8499,786.8700,785.5000,786.8000,98800
1477671842,785.0400,785.7350,784.6550,785.7350,84100
1477672141,785.9500,786.0000,784.7100,785.0175,69800
1477672440,786.7500,786.7600,785.5300,785.5983,79600
1477672740,785.6100,786.8552,785.0200,786.5300,61200
1477673043,784.7100,785.6950,784.1300,785.6300,88000
1477673348,784.0658,785.0600,784.0000,784.9700,55900
1477673640,784.0000,784.5800,783.8100,784.0650,61500
1477673943,783.4873,784.2700,783.4026,783.9615,73400
1477674248,781.0150,783.7890,781.0000,783.5300,91700
1477674542,780.2500,781.6499,780.2500,781.0750,82200
1477674840,781.8750,782.2600,779.6900,780.5400,152000
1477675142,780.4900,782.4168,779.7031,781.8875,75500
1477675445,779.6800,780.5900,779.6700,780.5000,75700
1477675744,779.5502,780.3500,779.1900,779.7965,62800
1477676040,779.3075,779.8135,779.0100,779.4200,71700
1477676342,778.1050,779.3200,777.0000,779.3000,159100
1477676641,778.6100,778.9000,777.4100,778.1092,77200
1477676942,778.0350,778.7400,777.7600,778.7300,62900
1477677240,777.2100,778.0100,777.0100,778.0100,104100
1477677542,776.2200,777.4800,776.0000,777.3900,130000
1477677854,777.3694,777.5700,775.8400,776.2950,86800
1477678143,776.6391,777.5200,775.6000,777.5200,91000
1477678444,779.3400,779.3400,775.8388,776.7600,93500
1477678740,778.5022,779.3400,777.0200,779.2100,96700
1477679047,778.8300,779.2800,777.1150,778.3200,62200
1477679340,778.7025,779.5000,778.2600,779.0000,53800
1477679640,777.3600,778.8099,777.1400,778.5500,82400
1477679941,777.4600,777.5340,776.0000,777.3500,83900
1477680240,775.9899,777.7700,775.5000,777.3054,82300
1477680540,776.6829,776.8300,775.7100,775.7100,44800
1477680847,776.4460,777.1100,776.2240,776.7000,54900
1477681140,778.2200,778.2200,776.4059,776.4837,57000
1477681444,778.0100,778.3400,777.3650,778.3400,61000
1477681741,778.2044,778.4600,777.7700,778.0884,47800
1477682052,777.5700,778.2100,776.5050,778.0226,59700
1477682340,777.0900,777.6458,776.5932,777.6350,53500
1477682699,777.8707,778.3100,777.0100,777.1700,55800
1477682943,777.9597,778.9900,777.7850,777.8509,59300
1477683242,777.2400,778.0200,777.1700,777.9600,53700
1477683541,776.5000,777.8600,776.5000,777.2600,95300
1477683840,776.2300,776.6600,775.6400,776.4600,116300
1477684141,775.3700,776.2500,775.2200,776.2500,106200
1477684440,775.4400,776.4000,775.3500,775.4100,140400
1477684740,776.3000,776.4800,775.2300,775.5500,294100
1477684800,776.3200,776.3200,776.3200,776.3200,200
