1476711240,779.4900,779.9100,778.8500,779.2700,59600
1476711595,778.8100,780.0500,778.4200,779.8400,30200
1476711806,777.5000,778.6800,777.5000,778.6700,14100
1476712157,778.9400,778.9800,777.9300,778.4100,15700
1476712457,779.3600,780.7500,779.1576,779.2500,30900
1476712740,779.2900,779.9300,779.0100,779.4500,29300
1476713050,780.5000,780.8700,779.1101,779.1101,15300
1476713342,782.2400,782.8300,780.0000,780.5200,45500
1476713653,782.2500,782.6000,781.2800,782.1900,17500
1476713946,782.2500,782.5600,781.9500,782.3300,17500
1476714243,783.7000,783.8500,781.4200,782.4900,43700
1476714558,784.8500,784.9800,783.7400,783.9800,17200
1476714859,784.8800,785.1600,784.2300,784.8100,20600
1476715145,785.2600,785.8500,784.8700,784.9400,11000
1476715453,785.1456,785.7500,785.0900,785.5500,11600
1476715747,785.2400,785.3500,784.2700,785.1450,27400
1476716047,784.5300,785.1100,784.4100,785.1100,12600
1476716367,784.9400,785.0000,784.3200,784.6000,14100
1476716656,785.1800,785.5000,784.7500,785.0400,7900
1476716942,784.6200,785.5500,784.4650,785.3300,8300
1476717242,784.8500,785.0000,784.3820,784.5850,12000
1476717540,785.0500,785.1000,784.5700,784.8750,10000
1476717842,784.5150,784.9600,784.2650,784.9600,5400
1476718143,784.4150,784.5500,784.0200,784.2900,6100
1476718478,784.3000,784.7400,784.3000,784.4723,6400
1476718769,784.6600,784.7500,784.3800,784.5600,8300
1476719044,784.4800,784.7100,784.1996,784.1996,3100
1476719370,784.2700,784.7100,784.0200,784.6300,7400
1476719603,784.4400,784.4900,784.1002,784.1002,9500
1476719947,784.6500,785.0000,784.4900,784.5700,6000
1476720258,785.2500,785.2500,784.5300,784.6300,7400
1476720584,784.9200,785.3200,784.8280,785.3100,4300
1476720850,784.6900,784.9800,784.3700,784.9500,7100
1476721149,784.2900,784.6600,784.1500,784.5250,6500
1476721462,784.5300,784.6400,784.1320,784.1320,4800
1476721752,784.2300,784.5100,784.0000,784.3200,7800
1476721985,784.6800,784.6800,784.0350,784.0350,4100
1476722343,784.3100,784.5500,784.0900,784.4400,7500
1476722673,783.4200,784.3100,783.4200,784.3100,6500
1476722996,783.5058,783.6350,783.1500,783.3900,11300
1476723296,783.6200,783.9500,783.4900,783.5000,11000
1476723593,783.8500,783.9600,783.5400,783.6500,6300
1476723898,783.5600,784.0300,783.5400,783.6800,7700
1476724172,783.4900,783.7600,783.3500,783.5500,5900
1476724481,783.9600,783.9600,783.3900,783.5244,3400
1476724686,783.5900,783.9100,783.2300,783.8300,6500
1476725070,782.8200,783.5100,782.8200,783.4800,9100
1476725374,782.7453,782.9300,782.5200,782.8800,5300
1476725642,782.6082,782.7500,782.1300,782.5300,7700
1476725940,782.2876,782.6255,782.2300,782.6255,2700
1476726242,782.2500,782.4800,782.0000,782.0700,9100
1476726540,781.9900,782.2100,781.7500,782.0500,4800
1476726857,781.9200,782.0050,781.6000,782.0050,6600
1476727152,781.1800,781.9480,781.1300,781.9100,10700
1476727445,781.3000,781.5200,781.1600,781.3800,4100
1476727762,780.9450,781.7200,780.8989,781.2000,9000
1476728056,781.9200,782.0000,780.8500,780.8500,9600
1476728359,782.1200,782.3100,781.8500,781.8500,4100
1476728598,782.0500,782.3800,782.0129,782.0129,4700
1476728967,782.5500,782.5500,781.9900,782.1050,4900
1476729282,782.0200,782.5400,782.0200,782.3950,4700
1476729550,781.8864,782.3200,781.8200,782.0400,25200
1476729876,782.0500,782.3200,781.8000,781.8000,2800
1476730184,781.9950,782.1700,781.9950,782.1700,1100
1476730417,782.0773,782.2300,782.0400,782.0700,2600
1476730745,783.0700,783.0700,781.9300,781.9400,5600
1476731062,782.7000,782.9699,782.4200,782.8200,6400
1476731345,782.1100,782.7800,782.0100,782.6300,6700
1476731651,781.3275,782.1100,781.1400,782.1100,8100
1476731944,781.3000,781.6370,780.8200,781.6200,7300
1476732294,780.7500,781.7000,780.7500,781.3600,6500
1476732550,780.4600,781.0700,780.3600,780.8221,5100
1476732840,780.5900,780.5900,779.8650,780.4150,15500
1476733146,780.8314,781.0100,780.4200,780.7150,8000
1476733448,780.1600,780.8800,780.0420,780.6100,11200
1476733740,780.3700,780.8100,780.2000,780.2000,14600
1476734044,780.0100,780.6800,780.0100,780.3300,14900
1476734399,779.9000,780.2700,779.1000,779.9400,46700
1476734400,779.9600,779.9600,779.9600,779.9600,66100
1476797699,787.0600,788.0000,785.5650,788.0000,0
1476797998,790.0000,790.1800,787.2500,787.2650,62100
1476798242,791.4700,791.5800,789.6950,789.7000,60600
1476798552,792.7800,793.0000,791.3000,791.4000,34200
1476798840,792.2300,793.1600,791.3100,792.9800,54500
1476799197,791.9400,792.3000,791.0200,792.2400,44500
1476799442,791.0320,792.0100,791.0320,791.9150,42800
1476799745,791.3600,792.0699,791.0250,791.2100,35500
1476800099,790.4700,791.9000,790.4200,791.3200,23300
1476800349,790.9550,791.3000,790.2600,790.4750,21800
1476800672,788.8700,790.9400,788.8600,790.9400,35000
1476800971,789.4400,789.9000,789.1506,789.3200,7500
1476801243,790.1000,790.3400,789.3400,789.5400,26300
1476801541,790.9800,791.2400,789.8200,789.9537,17700
1476801782,791.2000,791.3100,790.8750,791.1100,8500
1476802140,792.1110,792.1800,791.3150,791.4200,12800
1476802441,792.0000,792.3900,791.8475,792.2563,19700
1476802740,792.6300,792.6900,791.8101,791.8800,11900
1476803099,793.9200,793.9200,792.7500,792.7500,18400
1476803344,793.8400,793.9100,793.5880,793.8100,15900
1476803642,794.4100,794.4100,793.5700,793.8600,13000
1476803947,794.7280,795.2000,794.0800,794.3000,28000
1476804299,795.3000,795.3000,794.5410,794.7100,10000
1476804552,795.2800,795.4050,794.6700,795.2300,14200
1476804848,795.5000,795.5900,795.2001,795.3900,10200
1476805141,795.8273,796.1700,795.4000,795.5750,28800
1476805446,797.2200,797.4400,795.8400,795.8700,20100
1476805743,798.6100,798.6100,797.1450,797.2400,20500
1476806048,799.0700,799.0700,798.5500,798.7100,23600
1476806354,799.2000,799.2000,798.8100,798.9800,14400
1476806645,799.5000,799.6724,798.8325,799.2000,29800
1476806958,800.1000,800.3000,799.4000,799.6000,33400
1476807298,799.6550,800.1700,799.6550,800.1700,24700
1476807598,799.3300,799.6950,799.1000,799.6550,14800
1476807840,799.9000,799.9000,799.1900,799.3800,10600
1476808141,800.6950,800.9400,799.7300,799.8600,19100
1476808449,799.9600,800.9500,799.7900,800.8200,19000
1476808745,800.4900,800.6600,799.8600,800.0000,25700
1476809051,800.6200,800.6500,800.0000,800.4900,11100
1476809348,800.2700,800.6999,800.1300,800.5900,8600
1476809644,800.0600,800.5600,800.0200,800.1000,13600
1476809945,800.3000,800.4600,800.0000,800.0700,27700
1476810245,799.9900,800.1000,799.8700,800.0900,15600
1476810541,799.9560,800.0000,799.5000,799.8800,9000
1476810853,799.7600,799.9478,799.5750,799.9478,12600
1476811144,799.5100,799.9000,799.1400,799.6100,27300
1476811445,798.8700,799.6600,798.8352,799.5000,18100
1476811760,798.0100,798.9500,798.0001,798.8000,31900
1476812050,799.0000,799.0000,797.7600,797.7600,16100
1476812342,798.8300,799.1800,798.7100,798.9150,7600
1476812641,799.4500,799.4500,799.0677,799.2500,6100
1476812991,799.0200,799.5000,799.0200,799.4149,5500
1476813294,799.5500,799.8650,799.1300,799.1300,9600
1476813554,799.8250,800.2200,799.5700,799.7750,16600
1476813860,800.1400,800.1980,799.5500,799.5500,8200
1476814199,800.2400,800.3600,799.8900,800.1100,9100
1476814441,800.8750,800.9800,799.9000,800.2500,17800
1476814747,801.1000,801.3400,800.7400,800.9800,24700
1476815040,801.3000,801.6100,801.2500,801.2715,10700
1476815340,801.1800,801.5480,801.1100,801.3200,6800
1476815641,800.4400,801.3399,800.2400,801.2800,13900
1476815941,800.0100,800.9800,799.9000,800.5150,21700
1476816260,800.1600,800.1900,799.8800,799.9500,7800
1476816561,799.4500,800.1900,799.0200,800.0000,27900
1476816844,799.5600,799.5700,799.3001,799.3600,12200
1476817157,799.9600,799.9600,799.3600,799.5800,11500
1476817447,800.0000,800.0100,799.6900,799.9700,10900
1476817755,799.9300,800.0600,799.5000,800.0600,114100
1476818043,799.3246,799.9500,799.0300,799.8100,19000
1476818343,798.4325,799.5000,798.3300,799.2100,20100
1476818645,796.8510,798.3200,796.3600,798.3200,135800
1476818940,797.2700,797.3900,796.5500,796.6800,26600
1476819248,796.9200,797.3300,796.8200,797.2700,23200
1476819556,797.2750,797.7900,796.9550,796.9550,26700
1476819849,797.2100,797.4400,796.7600,797.4400,32700
1476820198,796.5900,797.3300,796.5900,797.1300,42100
1476820441,795.3900,796.7000,795.3900,796.6200,0
1476820740,795.2600,796.1500,795.0100,795.4650,75700
1476820800,795.2600,795.2600,795.2600,795.2600,109900
1476884047,800.9400,801.8900,797.6600,797.7800,0
1476884348,801.5600,802.6800,800.9300,801.0200,46000
1476884642,801.1000,801.8400,800.0200,801.6100,44300
1476884941,802.0300,802.2600,800.7700,801.1000,21500
1476885299,803.7800,803.8300,801.9000,802.0350,48500
1476885547,802.9800,803.9500,802.4500,803.5000,46500
1476885845,802.6600,803.0000,802.0100,802.7600,29700
1476886150,802.0975,803.0119,801.8760,802.5800,27700
1476886443,802.7500,802.8700,801.3600,802.1100,32700
1476886747,803.0800,803.3468,802.3800,802.4300,26400
1476887093,803.3714,803.4500,802.7200,802.7900,15100
1476887340,803.4836,804.6300,803.2590,803.2590,27100
1476887642,803.5500,804.3100,803.4400,803.5200,59200
1476887941,802.7100,803.6600,802.5400,803.5000,55200
1476888244,802.7000,803.0900,802.4600,802.7800,46800
1476888541,803.0550,803.1600,802.6100,803.0000,24500
1476888849,802.4700,803.1800,802.0500,803.1800,26000
1476889158,802.2300,802.6799,802.1100,802.4800,15400
1476889444,802.3800,802.7200,802.1400,802.3800,52300
1476889741,803.0100,803.0100,802.2300,802.5100,25200
1476890048,801.4300,803.0800,801.4300,803.0000,23500
1476890340,800.1560,801.6000,800.1500,801.6000,25300
1476890645,799.4400,800.1400,799.1550,800.0900,21900
1476890956,799.9700,800.0100,799.3400,799.5600,11800
1476891247,800.9138,801.1700,799.8000,799.8200,24700
1476891546,799.9500,801.3100,799.7000,800.9534,25600
1476891868,800.3500,800.5900,799.7400,800.1600,14900
1476892141,800.1950,800.7100,799.2900,800.4000,14200
1476892453,800.2500,800.9900,800.0854,800.0854,11400
1476892753,799.6200,800.3504,799.6200,800.2600,8000
1476893042,799.8000,800.0700,799.5800,799.6000,7900
1476893384,800.0200,800.0200,799.4600,799.7100,9300
1476893696,800.7200,800.7200,800.0800,800.2500,7000
1476893976,801.1056,801.2100,800.3401,800.3401,12500
1476894266,801.8150,801.9750,801.0200,801.0900,15100
1476894546,801.5200,801.7500,801.0343,801.7500,14000
1476894884,801.8400,801.9900,801.0050,801.2300,8400
1476895188,802.1000,802.3489,801.7500,801.9700,10700
1476895464,801.6000,802.0200,801.3500,802.0200,7900
1476895681,802.1200,802.1200,801.5800,801.6700,2300
1476896066,802.1600,802.3400,802.1600,802.2200,7400
1476896376,802.2328,802.2328,801.8300,802.2300,4600
1476896650,802.1000,802.3100,801.9700,802.2200,3500
1476896943,801.7156,802.1900,801.5000,802.0900,11800
1476897290,801.7600,801.8500,801.5000,801.6600,4300
1476897483,801.6700,801.8700,801.5616,801.8700,3200
1476897869,802.1800,802.2150,801.6650,801.8199,3700
1476898140,802.0400,802.1700,801.7000,802.1700,9400
1476898440,802.0295,802.1600,801.8400,802.1300,4800
1476898778,801.9000,802.0660,801.7100,801.9400,7800
1476899060,802.0000,802.2352,801.8600,802.0000,7100
1476899371,801.7600,802.2400,801.7600,801.8810,7600
1476899679,801.0700,801.7700,801.0700,801.7600,11700
1476899965,801.5500,801.5500,801.0700,801.3497,3800
1476900180,801.5600,801.8400,801.2300,801.4100,9900
1476900547,801.6315,801.7300,801.3200,801.3798,4000
1476900846,801.9000,801.9000,801.4250,801.6000,20200
1476901141,801.6000,801.8700,801.4600,801.8700,7700
1476901457,801.9000,802.1200,801.4800,801.4850,5300
1476901766,802.1300,802.3700,802.0000,802.0000,8700
1476902040,801.7400,802.1900,801.7400,802.1000,10300
1476902377,801.7400,802.0900,801.6900,801.8600,9700
1476902640,801.8100,801.9000,801.5200,801.7300,9300
1476902951,801.7018,801.7950,801.5100,801.7700,6300
1476903276,801.9150,802.1000,801.8500,801.9800,10500
1476903540,802.4400,802.5000,801.8450,801.9700,14500
1476903843,803.0905,803.6000,802.5000,802.5000,29500
1476904146,803.1900,803.4700,803.1000,803.2300,10800
1476904453,803.4700,803.5800,803.0000,803.1500,11200
1476904745,804.1000,804.1100,803.5825,803.6700,22300
1476905063,803.6176,804.1600,803.5100,804.1400,16200
1476905380,802.7800,803.6900,802.7800,803.6800,10200
1476905642,802.4200,802.7027,802.1350,802.6600,22000
1476905947,802.5500,802.6800,802.3500,802.3700,13900
1476906264,802.7500,802.7900,802.5700,802.6900,10200
1476906543,802.8100,802.9100,802.6400,802.6400,18200
1476906843,802.4700,802.7500,802.4400,802.7100,49900
1476907140,801.5600,802.4700,801.3900,802.4700,74400
1476907200,801.5600,801.5600,801.5600,801.5600,101400
1476970442,803.4160,803.7390,802.2200,802.9350,0
1476970747,799.1000,803.3800,799.0200,803.3750,66800
1476971044,800.1800,800.5200,798.9500,799.1200,42600
1476971353,800.9000,801.1300,799.6910,800.2900,34000
1476971643,801.3300,801.5100,800.5900,800.9000,28600
1476971946,802.5482,802.7000,801.3900,801.5600,27400
1476972241,803.3600,803.3600,802.4600,802.4750,33000
1476972548,802.8700,803.9700,802.7000,803.3900,33900
1476972848,802.6100,803.1000,802.1895,802.9600,18200
1476973141,802.4100,802.7600,801.8800,802.2100,21500
1476973477,801.6000,802.5500,801.6000,802.4000,12400
1476973740,800.3800,801.8300,800.0800,801.5100,15300
1476974049,798.7200,800.3900,798.5000,800.3900,15600
1476974343,797.9990,798.4900,797.0500,798.2100,50200
1476974654,798.3448,798.4500,797.5100,797.6800,17400
1476974954,798.2500,798.4750,797.7700,798.2000,14900
1476975282,797.8000,798.3000,797.8000,798.2200,9800
1476975541,798.0000,798.0000,797.4100,797.8200,14000
1476975894,796.9500,797.8900,796.8000,797.8900,17900
1476976151,796.8850,797.1400,796.4400,796.9000,6400
1476976454,797.5000,797.6100,796.6800,796.7500,10900
1476976743,798.2500,798.3600,797.3800,797.3800,18800
1476977057,798.6500,799.1200,798.1485,798.3300,27900
1476977343,797.4500,798.7100,797.3300,798.5400,13900
1476977641,797.5100,797.6600,797.2500,797.6500,9800
1476977940,796.5300,797.4121,796.1400,797.4121,22100
1476978247,796.4390,796.7500,796.3000,796.4800,18300
1476978542,796.7700,796.7800,796.0400,796.4300,23000
1476978893,796.2661,796.6767,796.0300,796.6767,21800
1476979140,797.8000,797.8000,796.1311,796.1600,15100
1476979462,798.9950,799.2500,797.5900,798.0000,19400
1476979740,798.6100,799.4900,797.8800,798.9000,24300
1476980098,797.6750,798.6700,797.4200,798.4100,19900
1476980344,798.1800,798.2700,797.5000,797.5100,17900
1476980643,798.1800,798.3800,797.7050,798.2700,23600
1476980941,798.7500,798.7600,798.0000,798.0150,19900
1476981240,799.4648,799.4648,798.5900,798.7480,22400
1476981545,799.7100,799.8000,799.0250,799.3900,18500
1476981842,800.1800,800.3500,799.6000,799.9800,15200
1476982144,799.3200,800.1000,799.2300,800.1000,12100
1476982462,799.4971,800.0062,799.2900,799.3000,20900
1476982795,799.3950,799.7600,799.2000,799.4800,14000
1476983043,799.3200,799.8000,799.1900,799.4250,6500
1476983340,799.0000,799.7500,799.0000,799.4950,14100
1476983650,798.9600,799.3300,798.8600,798.8900,8500
1476983951,799.3200,799.3700,798.9560,799.3700,3900
1476984262,799.2024,799.6800,799.1200,799.1200,4700
1476984482,799.3633,799.5800,799.1700,799.4300,4000
1476984847,799.2201,799.3500,799.0200,799.1500,13400
1476985198,799.4000,799.5800,799.2201,799.2201,3500
1476985471,799.2600,799.5100,798.9700,799.4500,4600
1476985747,797.7000,799.0300,797.7000,799.0300,4700
1476986042,796.9508,797.6300,796.5500,797.6300,17700
1476986369,797.2600,797.3100,796.4200,796.7200,17700
1476986658,798.2287,798.3800,797.0000,797.0900,21100
1476986959,798.3800,798.6100,797.7820,797.7820,11700
1476987242,798.3200,798.5900,798.2800,798.4200,11900
1476987540,797.6600,798.3800,797.6600,798.2200,4500
1476987864,798.0900,798.4200,797.7132,797.7132,4900
1476988169,798.8336,799.1300,798.2500,798.2800,5300
1476988380,798.9000,799.1900,798.5000,798.9900,3900
1476988792,799.2146,799.3500,798.8000,798.8400,5300
1476989063,799.2800,799.4396,798.6100,799.0400,5600
1476989352,799.8900,799.8900,798.9500,798.9600,8600
1476989682,799.1101,800.2200,799.1101,800.1300,6100
1476989952,799.5600,799.5600,799.1589,799.5100,4900
1476990250,799.5700,799.6300,799.1700,799.3400,7600
1476990548,799.8600,799.9700,799.3805,799.5200,3800
1476990849,799.5600,799.9700,799.5400,799.9700,10000
1476991199,798.6200,799.5700,798.6000,799.5700,13700
1476991441,798.8887,799.2600,798.6800,798.6800,11700
1476991740,798.0300,798.7700,797.6500,798.6600,90000
1476992054,797.8424,798.0000,797.4100,797.9500,15000
1476992354,797.5600,797.8600,797.0200,797.8000,23500
1476992640,797.0750,797.8300,796.9000,797.7600,33100
1476992948,797.5700,797.6300,797.0400,797.1100,29000
1476993244,797.7900,798.1500,797.5700,797.8400,39800
1476993599,796.8600,798.1050,796.6900,797.6500,66600
1476993600,796.9700,796.9700,796.9700,796.9700,133300
1477056843,796.9700,796.9700,794.2700,794.3200,0
1477057145,796.3100,796.8600,794.3000,796.5400,38200
1477057498,796.5900,797.8100,795.6900,796.0683,25500
1477057758,797.7100,797.9500,796.4600,796.6800,17200
1477058040,798.4500,798.9700,797.2500,797.6400,16300
1477058353,798.5900,799.3300,798.2900,798.7500,17200
1477058641,796.8600,798.6100,796.8300,798.3700,20100
1477058951,797.2899,797.7300,796.3400,796.7713,12500
1477059246,796.2300,797.2200,796.1500,797.2000,13900
1477059549,796.2000,797.4900,796.1300,796.4000,17600
1477059852,796.9280,797.4600,796.2800,796.4400,17100
1477060156,796.5300,797.2600,796.3700,796.6800,16500
1477060493,797.3200,798.0000,796.6000,796.7300,24700
1477060741,796.5100,797.4700,796.4850,797.4700,12400
1477061051,795.7400,796.6700,795.6100,796.3516,12500
1477061343,796.2800,796.3400,795.6400,795.8400,16400
1477061687,796.4900,796.5300,796.0000,796.2300,4600
1477061957,796.5200,796.5230,796.1200,796.5230,5900
1477062246,796.3000,796.7650,796.3000,796.5800,4100
1477062557,797.1300,797.2400,796.3600,796.3600,14400
1477062848,797.6000,797.6000,796.8300,797.0000,9100
1477063155,797.2300,797.6800,797.0000,797.3100,7300
1477063486,796.8100,797.2000,796.7880,797.1340,5200
1477063760,797.0000,797.2450,796.6600,796.6600,5100
1477064063,796.9200,797.3248,796.8800,797.0800,6700
1477064398,796.9800,797.1400,796.6700,796.9300,7500
1477064649,796.3200,796.9900,796.0300,796.9800,9900
1477064970,796.9300,797.0400,796.5600,796.5600,5500
1477065240,796.1500,797.0400,796.1500,796.8500,6800
1477065598,795.8600,796.5812,795.8600,796.1200,7000
1477065847,795.8000,796.1600,795.6596,795.9200,10600
1477066144,794.8300,795.7900,794.7900,795.7900,17400
1477066458,794.8000,795.1600,794.6650,795.1600,8000
1477066749,794.7950,795.0400,794.6700,794.8800,18100
1477067043,794.8200,794.8600,794.5300,794.7900,18600
1477067342,795.2800,795.4650,794.9000,794.9000,13900
1477067646,795.5800,795.8000,795.1300,795.1300,9100
1477067946,795.5614,795.7700,795.2900,795.6200,5500
1477068251,795.9500,795.9500,795.5100,795.6105,5300
1477068568,796.7000,796.7000,796.3400,796.3400,4700
1477068862,797.2200,797.2900,796.6100,796.9834,10500
1477069182,797.8700,797.8700,797.0000,797.2750,10100
1477069381,798.0500,798.0800,797.5436,797.9600,6200
1477069747,798.4223,798.5784,798.1400,798.1400,8000
1477070062,798.1100,798.8400,798.0664,798.6300,11700
1477070369,798.2200,798.3600,798.0000,798.2570,4400
1477070674,797.7150,798.4300,797.6100,798.4300,7300
1477070941,797.8600,798.3200,797.7300,798.0000,16000
1477071259,797.6500,798.0300,797.4400,797.8950,8600
1477071549,797.8300,798.1110,797.7700,797.7700,4800
1477071784,798.4000,798.5400,797.7500,797.7500,12100
1477072151,798.5450,798.8300,798.0500,798.4200,12500
1477072448,798.7700,798.9700,798.5500,798.7200,14100
1477072770,798.6500,798.8102,798.3700,798.7500,3900
1477073058,798.4400,798.6900,798.2900,798.5900,4700
1477073394,797.8200,798.5800,797.7200,798.5100,18200
1477073696,797.2250,798.0200,797.0700,797.8150,21800
1477073953,796.8400,797.6796,796.6700,797.0750,9700
1477074272,796.7700,796.7900,796.4100,796.6200,7700
1477074557,797.4242,797.4242,796.7650,796.9500,7700
1477074793,797.1150,797.7500,797.1150,797.4500,4700
1477075162,797.7400,797.7500,797.0200,797.0200,4900
1477075449,797.8800,797.9690,797.4800,797.9690,4700
1477075757,797.7400,797.8800,797.4500,797.8425,4200
1477076046,797.9600,798.0500,797.5200,797.5200,5000
1477076340,798.0200,798.6000,797.8703,797.8703,7100
1477076695,798.0600,798.4000,798.0000,798.2600,5500
1477076951,797.9715,798.2500,797.8400,798.0300,7500
1477077299,797.6900,798.0000,797.5800,797.9153,5700
1477077560,797.4375,797.9900,797.3400,797.6500,13000
1477077844,797.7150,797.8000,797.0600,797.3800,15200
1477078168,797.5000,797.8400,797.5000,797.7150,9100
1477078451,797.8500,797.9600,797.4500,797.5800,13300
1477078759,797.9198,797.9700,797.6100,797.6800,8900
1477079049,798.4700,798.4700,797.8500,797.8500,12900
1477079340,798.3000,798.3600,798.0100,798.3300,20000
1477079697,798.8750,799.0000,798.2900,798.3000,54100
1477079940,799.3800,799.5000,798.8100,798.9800,88200
1477080000,799.3700,799.3700,799.3700,799.3700,81400
1477316043,807.8500,809.8400,805.0800,805.4300,0
1477316341,805.7900,807.9900,805.7900,807.1800,31700
1477316641,805.6548,806.6060,805.0700,805.9000,22300
1477316944,807.5568,807.6500,806.1800,806.2200,21900
1477317251,808.5700,808.9700,807.6947,807.6947,27500
1477317548,808.9900,809.5500,808.6900,808.8300,15300
1477317846,808.7200,809.7100,808.3100,809.2550,29900
1477318143,809.8785,809.8785,808.6200,808.7500,19200
1477318441,810.0500,810.2800,809.5800,809.7800,34200
1477318749,810.1200,810.4500,809.4900,810.0800,32200
1477319049,809.4600,810.1197,809.4500,810.1031,20000
1477319348,808.9200,809.9800,808.8600,809.7100,13500
1477319642,808.6000,809.2166,808.2700,808.9700,19200
1477319953,807.1500,808.7100,807.1200,808.4871,20500
1477320241,807.5600,807.7794,806.5011,807.5900,14300
1477320598,808.0900,808.1700,807.4800,807.4800,9700
1477320861,809.3800,809.3800,807.8900,807.9700,13400
1477321151,810.0100,810.4500,809.2400,809.2500,20400
1477321467,811.0400,811.0400,810.0000,810.0000,18300
1477321752,810.7800,811.5000,810.6700,811.0500,21000
1477322044,811.3591,811.6000,810.8800,810.9000,20100
1477322341,811.7400,812.0900,811.0400,811.5000,13800
1477322643,811.2800,812.0600,810.8100,811.9500,12000
1477322951,812.1187,812.2900,811.3750,811.3900,9800
1477323240,812.5800,812.7400,811.9200,811.9200,23500
1477323550,812.1700,812.7100,811.8150,812.5500,10900
1477323899,812.8251,812.8800,812.2007,812.2007,11600
1477324140,813.2600,813.2600,812.7200,812.9000,11500
1477324449,813.0800,813.7800,812.9500,812.9600,12900
1477324756,813.0000,813.3400,812.7750,813.3400,8800
1477325047,812.5600,813.3600,812.5600,812.9250,12600
1477325361,812.5950,813.1700,812.4600,812.8100,12100
1477325656,813.0075,813.1400,812.6301,812.7576,16200
1477325941,812.7750,813.1900,812.4150,813.0500,12900
1477326281,812.9500,813.0200,812.5800,812.7200,7700
1477326550,813.5500,813.6700,813.0000,813.0000,8200
1477326840,813.5800,813.7100,813.3300,813.3400,10700
1477327151,813.2300,813.6500,813.1100,813.5850,8000
1477327446,813.3600,813.4600,812.8400,813.0710,5800
1477327747,812.7500,813.3100,812.5911,813.1200,8400
1477328045,813.1400,813.1500,812.8050,812.8050,6200
1477328351,813.2000,813.2000,812.7700,813.1021,3600
1477328641,812.9500,813.6300,812.8452,813.2051,4600
1477328946,813.0900,813.1798,812.9200,813.1100,6100
1477329251,813.2900,813.6200,812.9200,812.9200,9200
1477329550,813.6200,813.6200,813.1736,813.3400,8500
1477329842,813.4200,813.5800,813.3499,813.5000,5600
1477330140,813.6000,813.6000,813.3200,813.4600,8700
1477330471,813.5900,813.9995,813.4200,813.6200,36700
1477330792,813.4900,813.7499,812.7950,813.3950,14000
1477331043,814.1800,814.1800,813.2500,813.4700,13800
1477331342,814.8000,814.9300,814.1054,814.1100,10800
1477331652,814.7500,815.1800,814.4700,814.7100,16900
1477331971,814.3400,814.6000,814.2062,814.4900,7400
1477332269,814.4618,814.6400,814.2000,814.2000,7700
1477332548,814.2665,814.6026,814.0200,814.3700,11100
1477332844,814.0300,814.3800,813.9200,814.2000,13400
1477333142,814.1300,814.3500,813.7900,814.1300,11900
1477333442,813.9170,814.1600,813.7300,814.0000,14800
1477333740,813.6550,813.9400,813.2900,813.7500,14300
1477334053,813.9050,814.0600,813.6100,813.6200,12300
1477334347,813.9900,814.0500,813.7800,814.0500,11400
1477334586,813.7550,814.0600,813.7200,813.8300,9800
1477334971,813.5300,813.9600,813.4000,813.7500,10300
1477335181,813.3252,813.7200,813.0100,813.6500,14700
1477335573,813.0900,813.3700,813.0900,813.1100,6900
1477335869,813.2400,813.3900,813.1000,813.3308,9300
1477336140,812.7100,813.1300,812.5945,813.1300,19300
1477336441,812.4200,813.2200,812.4200,812.8300,8200
1477336747,812.9700,812.9700,812.3700,812.5300,12700
1477337043,812.4500,812.9700,812.3000,812.7900,18800
1477337346,812.3900,812.5700,812.1300,812.4700,20100
1477337644,811.2900,812.3970,811.2400,812.3970,25700
1477337952,811.5900,811.7300,811.2000,811.3187,17800
1477338248,811.9700,812.4700,811.5600,811.5600,23900
1477338544,811.7125,812.3500,811.6100,812.0900,24100
1477338843,812.7900,812.8600,811.6700,811.7400,47800
1477339199,813.1100,813.7799,812.4600,812.8800,85700
1477339200,813.0100,813.0100,813.0100,813.0100,200
1477402440,813.7800,815.5008,813.1100,815.5008,0
1477402745,812.2500,814.0550,811.7300,814.0550,53700
1477403046,811.8400,812.0800,811.2300,811.9800,51700
1477403340,810.0000,811.9500,809.5500,811.7900,47800
1477403642,811.5500,811.9400,809.9600,809.9600,37500
1477403941,811.8500,813.1900,811.6200,811.6200,49300
1477404250,811.7800,812.1500,811.0100,812.1500,17400
1477404540,812.4100,812.8693,811.9900,811.9999,21500
1477404866,811.4100,812.3000,810.7300,812.3000,17500
1477405146,810.4300,811.5152,810.4000,811.3448,23500
1477405440,809.6700,810.2600,809.3600,810.2600,24500
1477405747,810.1300,810.5550,809.3300,809.5100,29300
1477406097,810.1300,810.4400,810.0600,810.2550,10500
1477406341,810.3450,810.7500,810.0000,810.2500,18600
1477406644,810.5625,810.9100,810.0600,810.3750,15700
1477406940,809.3400,810.4000,809.2300,810.2200,28800
1477407248,810.5685,810.6050,809.1330,809.4111,18000
1477407546,810.5155,810.7400,809.7450,810.3700,27900
1477407866,811.0300,811.5800,810.4000,810.5800,28000
1477408143,811.0000,811.3100,810.5000,811.3100,18800
1477408454,810.8200,811.1000,810.6400,810.8350,14500
1477408762,810.8300,810.8500,810.5300,810.8500,20400
1477409055,810.6300,810.9100,810.2200,810.8700,18900
1477409340,811.1900,811.2600,810.5450,810.8460,12400
1477409645,810.6200,811.0800,810.5000,811.0400,15600
1477409960,809.8800,810.7600,809.7500,810.6800,23400
1477410247,810.1900,810.1900,809.8000,810.0400,18500
1477410541,809.7100,810.2100,809.6100,810.1800,14300
1477410854,809.1550,809.6800,809.0200,809.6700,9500
1477411146,808.4100,809.2132,808.4100,809.2132,17300
1477411444,808.3500,808.5400,808.1100,808.5100,17000
1477411799,807.6800,808.4900,807.6500,808.4600,14600
1477412091,807.6750,808.0000,807.5000,807.8150,16400
1477412348,807.8700,807.8950,807.2500,807.6350,26000
1477412658,808.2200,808.2200,807.6100,807.9435,24400
1477412944,808.3750,808.6450,808.1450,808.4000,28400
1477413280,807.8500,808.4000,807.8500,808.3100,13300
1477413545,805.6500,807.8600,805.1400,807.8600,34400
1477413843,806.7711,806.9200,805.5500,805.7300,15400
1477414146,807.5425,808.0890,806.7795,806.9000,29100
1477414440,806.9150,807.1600,806.5600,807.1200,15900
1477414752,807.7634,807.8160,806.8801,806.9300,18300
1477415083,807.1600,807.4700,806.9600,807.2700,7900
1477415353,806.9700,807.3400,806.8100,807.0700,6200
1477415665,806.6000,806.9300,806.0900,806.7100,11700
1477415960,806.8000,807.0600,806.7300,806.7550,9300
1477416258,806.8400,807.2000,806.8400,807.0200,15000
1477416547,806.9415,807.1380,806.9000,807.0200,13300
1477416850,807.0899,807.2290,806.7450,807.0800,23800
1477417155,806.7600,807.2400,806.6500,807.2400,6900
1477417469,806.6400,806.9400,806.5500,806.8100,7100
1477417773,807.2500,807.3020,806.6929,806.6929,13500
1477418070,807.5650,807.9300,807.2540,807.2800,8700
1477418353,807.4400,807.5300,807.1600,807.3700,5000
1477418643,807.4300,807.9800,807.3100,807.4600,9300
1477418992,807.5500,807.7500,807.4400,807.4400,7600
1477419266,807.1500,807.7900,807.1500,807.6550,7300
1477419553,806.9400,807.4200,806.9400,807.1600,8200
1477419860,806.7400,806.9000,806.6700,806.8800,4000
1477420141,806.9500,807.0590,806.5900,806.8600,5500
1477420450,806.1225,806.9700,805.8300,806.9700,17900
1477420797,806.1600,806.1800,805.6000,805.9450,17500
1477421095,805.7900,806.2100,805.6700,806.0300,25200
1477421366,805.9700,805.9700,805.6000,805.8998,5000
1477421665,806.0000,806.3900,805.6001,805.9100,8800
1477421996,806.1700,806.4250,805.9500,806.2000,4300
1477422255,806.0600,806.5500,806.0200,806.2500,6000
1477422546,806.9000,806.9000,806.1100,806.1400,7700
1477422856,806.4200,806.8700,806.3300,806.7800,7300
1477423145,806.7500,806.7500,806.1900,806.4785,7300
1477423446,806.8900,807.2400,806.6000,806.6000,13400
1477423769,807.5200,807.5500,806.8600,806.8700,9300
1477424089,807.1600,807.4926,806.7500,807.4100,9000
1477424343,806.8900,807.1200,806.5100,807.1000,15400
1477424644,807.4300,807.6600,806.7800,806.8050,14700
1477424940,807.5978,807.7500,806.9000,807.3500,19100
1477425242,807.7500,807.8700,807.4100,807.7300,25500
1477425540,807.8400,808.1250,807.2000,807.6600,45700
1477425600,807.6700,807.6700,807.6700,807.6700,38600
1477488843,804.0400,806.7200,804.0400,805.7700,0
1477489199,805.3000,805.3100,803.2400,804.0700,50900
1477489441,803.5000,806.0400,803.2500,805.3099,35100
1477489742,801.5000,803.2650,801.2050,803.1100,28000
1477490044,800.1950,801.3300,799.7400,801.2000,46500
1477490399,801.0100,801.1226,800.0000,800.1450,26500
1477490643,801.2350,801.9950,800.7900,801.1200,33300
1477490941,802.1400,802.9500,801.1700,801.2200,25900
1477491242,802.8500,802.8500,801.6500,802.2209,22500
1477491543,802.6300,803.6100,802.4100,802.8800,26700
1477491844,801.6500,802.7600,801.4000,802.7600,20100
1477492198,801.3100,801.8700,801.2600,801.7100,13800
1477492448,800.4650,801.7500,800.0200,801.5700,28200
1477492740,801.1500,801.4800,800.5800,800.7150,26700
1477493055,801.1100,801.4599,800.8500,801.0885,14900
1477493352,801.3200,801.4200,801.1250,801.1500,13900
1477493665,801.9600,802.2950,801.3300,801.3300,12500
1477493949,803.1700,803.1700,801.0000,801.9800,24500
1477494243,803.5023,804.1400,802.7900,803.1000,33700
1477494541,803.2150,804.4300,803.0500,803.4750,16100
1477494849,803.8175,804.1800,802.7400,803.1725,13700
1477495180,803.8800,804.5000,803.7600,803.7600,13600
1477495471,804.7750,804.7900,803.8800,803.9200,12200
1477495745,804.2340,804.8500,804.2340,804.7684,22800
1477496099,803.5800,804.4300,803.5800,804.1300,20900
1477496343,803.8400,803.8500,803.3100,803.6900,14500
1477496651,802.1100,803.7400,802.1100,803.7400,17100
1477496960,802.0000,802.4466,801.8811,802.1400,6700
1477497245,801.2200,802.2884,801.2200,802.2884,16900
1477497579,801.5100,801.6300,801.2000,801.2100,16500
1477497878,801.3650,801.7400,801.2100,801.5300,11100
1477498144,801.4600,801.7700,801.2100,801.5100,11400
1477498441,801.6600,801.7842,801.2500,801.3900,8700
1477498754,801.9700,802.1380,801.6700,801.7300,9700
1477499040,801.6600,802.1800,801.6600,801.8700,10700
1477499348,800.9940,801.8150,800.7300,801.5900,16700
1477499688,800.8900,801.4500,800.8400,801.2100,10400
1477499947,800.9900,800.9900,800.5000,800.8400,11000
1477500246,801.0700,801.3700,800.8800,801.2700,4400
1477500552,801.0500,801.5100,800.9900,801.0000,13600
1477500847,800.8800,801.3199,800.8800,801.1100,6300
1477501145,800.5164,801.0100,800.4200,800.9000,12000
1477501459,800.6000,800.6800,800.4800,800.6000,8300
1477501750,800.0500,800.7398,800.0500,800.6250,9400
1477502045,799.9500,801.3000,799.9500,800.2400,27400
1477502396,799.4150,799.8948,799.1100,799.8800,35800
1477502666,799.6722,799.8150,799.2000,799.4200,10700
1477502940,799.8500,799.9200,799.2000,799.5800,16000
1477503246,800.5550,800.5550,799.8300,799.8300,13800
1477503543,799.3400,800.5400,799.3400,800.3800,17300
1477503846,798.8437,799.3200,798.5500,799.3200,18200
1477504159,798.5500,798.9500,798.5300,798.8200,29400
1477504441,798.2900,798.8400,798.2900,798.5600,13300
1477504743,797.6000,798.2400,797.3500,798.2400,19400
1477505041,797.0200,797.7950,796.8901,797.6200,15300
1477505399,798.0901,798.4000,796.3200,797.1950,14100
1477505641,799.0680,799.1958,798.1800,798.2800,22200
1477505943,798.3700,799.2200,798.3700,799.1100,19100
1477506284,797.6400,798.3749,797.6400,798.3475,9300
1477506548,797.1900,797.9300,797.1900,797.8800,15000
1477506863,797.3250,797.6650,797.1600,797.2800,14500
1477507141,797.7900,797.9200,797.2000,797.3800,16200
1477507443,798.6000,798.6000,797.7100,797.8900,14100
1477507749,798.4900,798.8137,798.3400,798.5100,10000
1477508042,798.5577,798.8400,798.3100,798.4300,9100
1477508357,799.0400,799.5000,798.4100,798.4900,28500
1477508654,798.5500,799.0500,798.4400,798.9500,11100
1477508954,798.2700,798.8100,798.1100,798.8050,11400
1477509240,798.3800,798.3800,798.0100,798.1300,17300
1477509571,798.5300,798.7400,798.2900,798.4300,10700
1477509843,798.8300,798.8500,798.3700,798.3700,17600
1477510140,798.7500,799.0500,798.6200,799.0000,14700
1477510451,798.8032,799.2367,798.5701,798.7900,13300
1477510747,799.4800,799.4800,798.5970,798.6900,16900
1477511044,799.8540,799.8800,799.0900,799.4050,16900
1477511345,799.6100,800.1700,799.2500,799.8500,28500
1477511646,798.6500,799.6325,798.4700,799.3300,39400
1477511942,799.4300,799.8900,798.4900,798.5600,67600
1477512000,799.0700,799.0700,799.0700,799.0700,70600
1477575245,801.6000,803.4900,801.0450,801.2300,0
1477575541,798.2400,802.2299,798.0000,802.0700,69200
1477575898,797.7550,798.8970,797.0750,798.3300,49100
1477576140,796.4000,798.1850,796.1300,797.9900,49500
1477576444,796.5300,797.1500,796.0000,796.6648,18800
1477576743,795.8800,796.5600,795.6400,796.3962,32500
1477577041,794.8400,796.2400,794.5000,796.0900,47400
1477577340,794.5050,795.3700,794.2850,794.8800,37300
1477577647,794.6662,794.8500,793.4500,794.5899,34700
1477577940,794.3200,795.3500,794.3200,794.7000,35300
1477578258,792.6400,794.6900,792.3000,794.4800,45300
1477578541,793.5900,793.5900,792.4900,792.4900,18500
1477578860,793.4900,793.9000,793.4700,793.6600,15800
1477579150,791.8550,793.4300,791.5000,793.3900,33500
1477579444,793.0000,793.0400,791.5100,791.8200,29900
1477579741,792.7300,793.0400,792.2900,792.7800,27600
1477580060,792.8800,793.0500,792.6900,792.8900,28200
1477580353,792.3900,792.8300,792.0300,792.8100,12600
1477580652,792.4000,792.7300,792.1768,792.4200,13400
1477580940,793.4800,793.5299,792.1600,792.1600,15800
1477581240,793.9000,794.1200,793.4600,793.4600,14200
1477581561,794.2100,794.2100,793.7500,793.8700,13200
1477581842,794.0200,794.6067,794.0200,794.2300,15700
1477582165,794.2100,794.5000,793.8100,794.0300,18500
1477582445,794.4900,794.8200,793.9500,794.1950,16300
1477582741,794.1661,794.8200,793.8100,794.6500,16100
1477583040,793.8200,794.1000,793.5850,794.1000,9500
1477583361,793.6200,794.0450,793.2500,793.8800,18900
1477583682,793.4100,793.9900,793.3500,793.7100,113600
1477583941,794.7415,794.9600,793.4700,793.4750,25000
1477584254,795.3303,795.5000,794.5100,794.7500,19400
1477584545,795.3000,795.8450,795.1900,795.3743,14100
1477584846,795.4700,795.5294,795.1100,795.2404,12000
1477585145,795.4300,795.8000,795.0900,795.6200,15000
1477585443,794.4190,795.6800,794.2719,795.3100,11900
1477585740,795.1000,795.1200,794.2000,794.4300,9200
1477586050,794.6800,795.5500,794.6800,795.0380,9200
1477586345,794.5100,795.2300,794.1300,794.8600,12400
1477586643,794.6700,794.8100,793.7800,794.5295,11700
1477586918,794.8152,794.9900,794.2200,794.7900,8900
1477587288,794.4960,794.7800,794.3900,794.6400,5800
1477587547,794.1300,794.9386,793.9750,794.4900,13100
1477587841,793.6400,794.2200,793.4800,794.1700,13700
1477588148,793.0200,793.6450,792.7200,793.5000,18900
1477588445,793.3200,793.6700,793.0388,793.0400,15400
1477588744,793.4600,793.5900,793.2450,793.3900,6400
1477589044,793.7800,793.9800,793.2300,793.4400,15000
1477589379,793.8900,794.3400,793.5000,793.9100,8800
1477589646,792.9484,794.2989,792.8100,794.2989,26000
1477589951,793.6900,793.8900,793.0100,793.2000,20700
1477590256,792.7100,793.7250,792.7100,793.6100,13200
1477590560,793.0800,793.4800,792.8100,792.8100,57400
1477590851,792.7700,793.2000,792.6800,793.1500,23700
1477591164,793.0550,793.3000,792.6100,792.9400,18900
1477591440,793.9300,794.2000,793.1100,793.1700,12200
1477591740,793.9400,794.3100,793.9400,794.0300,12300
1477592057,794.9580,794.9580,793.8974,793.9300,13200
1477592357,794.7400,795.2640,794.3919,794.9200,17200
1477592654,794.7700,794.8806,794.1900,794.7900,12100
1477592942,794.6100,795.4250,794.5350,794.7900,12500
1477593280,794.5500,794.9500,794.4600,794.5400,12000
1477593558,794.7000,795.2400,794.1300,794.2800,50400
1477593855,794.7300,795.0100,794.4150,794.6900,10800
1477594152,794.0000,794.6800,794.0000,794.6600,8500
1477594442,793.6700,793.9200,793.2500,793.7500,29300
1477594750,794.0100,794.0500,793.6500,793.7400,113300
1477595042,794.7500,794.9300,793.7200,794.1000,31700
1477595340,796.0750,796.3900,794.6850,794.9100,77900
1477595640,795.8900,796.2800,795.6350,796.1950,30200
1477595963,794.6000,796.0550,794.6000,795.8500,34200
1477596253,795.2050,795.4800,794.6200,794.7800,31500
1477596542,794.9500,795.2000,794.7100,795.1500,21600
1477596846,795.5800,795.6800,794.7200,794.8900,28100
1477597145,796.3500,796.5000,795.7000,795.7100,36200
1477597448,797.3800,797.3800,796.2925,796.3700,55600
1477597740,797.5400,798.3700,796.6400,797.4800,65600
1477598042,795.0900,797.4500,795.0700,797.4500,69900
1477598340,796.7800,797.3500,793.0000,795.2800,278900
1477598400,795.3500,795.3500,795.3500,795.3500,0
1477661643,797.3000,808.8900,796.4801,808.5459,375400
1477661942,801.0000,801.3400,796.4000,797.0300,153300
1477662240,804.1500,804.4300,800.7390,800.9850,135700
1477662540,807.1934,808.4600,803.5000,804.1100,112800
1477662898,807.2200,808.0000,806.2400,807.1442,61400
1477663141,808.3900,808.4600,806.7100,807.2528,54100
1477663440,809.9400,809.9400,807.7700,808.1250,75300
1477663741,813.3000,813.3400,809.7200,809.9100,124300
1477664099,811.6400,813.6800,810.0000,813.1200,77200
1477664340,812.7925,812.8100,811.3700,811.3700,54500
1477664641,810.2900,812.8800,809.5967,812.8000,98900
1477664944,811.8593,812.2299,810.4800,810.6950,56800
1477665240,813.4000,814.0000,811.7600,811.8600,69100
1477665543,813.7400,813.8300,812.3300,813.4200,38800
1477665842,814.4440,814.4500,813.1700,813.8600,61500
1477666143,815.0000,815.0000,813.5000,814.3000,69000
1477666442,813.6300,815.4900,813.4652,815.0500,50200
1477666746,812.7400,814.0800,812.3500,813.7400,46500
1477667041,811.7500,812.7800,811.4100,812.7300,28900
1477667350,812.5500,813.3500,811.5300,811.5300,20700
1477667650,812.2400,812.7000,811.9000,812.6500,23500
1477667945,811.9304,812.7401,811.7300,812.5700,21400
1477668298,811.5000,812.5000,811.5000,812.0200,27300
1477668598,812.2440,813.1600,811.9700,812.3500,26900
1477668899,812.2200,812.6900,811.9800,812.1600,35800
1477669142,809.8500,812.0100,809.6450,811.6200,32500
1477669498,809.5450,810.2850,809.1579,809.6600,34400
1477669751,809.3175,812.0000,808.7400,809.5000,52000
1477670040,809.2839,809.8900,809.0000,809.3673,28000
1477670347,809.0500,809.7010,808.7400,809.5500,25200
1477670643,809.0500,809.6058,808.6100,808.7900,24700
1477670941,808.9000,809.3600,808.6500,808.8700,35400
1477671242,808.8500,809.2200,808.6000,809.0020,31700
1477671544,809.7600,809.8300,808.3300,808.8350,32800
1477671840,809.5200,809.9800,809.1600,809.7100,26800
1477672147,808.6800,809.6700,808.4400,809.3600,17600
1477672440,806.9900,808.6950,806.8600,808.4500,31200
1477672744,806.4300,807.0000,806.2000,806.8800,37800
1477673046,805.8300,806.3850,805.5500,806.3850,24900
1477673340,804.4700,805.8500,804.0000,805.7010,29300
1477673642,805.2617,805.7900,804.0900,804.2950,30200
1477673961,805.3000,805.6400,805.1400,805.2770,13500
1477674240,803.3200,805.5700,803.3200,805.5100,24900
1477674542,801.2434,803.4020,801.1900,803.1100,35900
1477674841,803.4700,803.8000,800.3500,800.9400,52500
1477675140,801.7900,804.3200,801.2600,803.2200,51100
1477675448,801.9700,802.5200,801.5000,802.2400,40600
1477675740,802.0700,802.9600,801.7299,801.7299,36100
1477676044,801.3700,802.3150,801.1000,802.3150,27000
1477676394,799.6000,801.5125,798.6800,801.5125,40100
1477676641,799.6100,800.1800,799.1400,799.3000,50000
1477676997,798.1200,799.6300,798.1200,799.5600,35600
1477677240,797.7521,798.4500,796.8000,798.1500,43400
1477677540,796.1800,797.9250,796.0000,797.7850,64700
1477677852,797.5850,798.4200,796.0200,796.3400,29700
1477678140,797.2800,798.5900,796.8100,797.5700,23100
1477678441,798.5752,798.7500,796.3800,797.3300,29200
1477678740,799.6800,800.5500,798.0100,798.8700,46100
1477679041,800.2750,800.4118,799.0500,799.6200,18600
1477679399,801.0150,801.2000,800.3000,800.3000,36900
1477679644,800.7200,801.0000,799.0200,800.8400,31100
1477679941,798.8800,800.9550,798.8800,800.9550,24100
1477680247,797.7050,799.5000,797.2000,798.7800,25100
1477680542,797.2500,798.5000,797.2500,797.6950,18800
1477680851,797.9399,798.2100,797.5200,797.5450,21600
1477681147,799.0800,799.6900,797.4100,797.8800,46700
1477681499,799.9099,799.9099,798.9100,799.0600,47800
1477681740,799.2400,800.0919,799.2400,799.7400,41200
1477682047,798.0400,799.4000,798.0400,799.3200,27400
1477682340,797.1700,798.0500,797.0100,798.0500,33800
1477682642,798.6156,798.6800,797.0000,797.2800,70500
1477682996,799.0000,799.9300,798.7200,798.7300,54400
1477683240,798.4400,798.9800,798.2100,798.9000,40000
1477683544,797.3900,798.5000,797.2800,798.3300,61100
1477683840,796.6200,797.3900,795.9200,797.3800,71000
1477684141,795.7300,796.8500,795.7300,796.5750,77700
1477684441,793.7100,795.8500,793.6100,795.6700,114500
1477684740,795.4300,795.5100,793.5900,793.6400,206900
1477684800,795.3700,795.3700,795.3700,795.3700,0
