1476711240,196.5900,198.3900,196.4491,197.7450,177600
1476711597,195.5180,197.2000,195.2960,196.7216,166000
1476711844,194.4500,195.5800,194.3500,195.5800,163600
1476712198,194.9100,195.4800,194.6000,194.7888,95900
1476712445,194.6300,195.2400,194.4600,194.8260,69500
1476712744,194.3300,194.7600,194.0800,194.7243,86800
1476713043,194.5000,194.7166,194.3600,194.3820,57000
1476713397,195.6250,195.6250,194.2200,194.5900,94100
1476713640,195.5600,196.1550,195.5100,195.6400,53200
1476713941,194.9767,195.7098,194.7200,195.6500,30000
1476714241,195.2900,195.4500,194.7200,195.0400,39300
1476714543,195.1900,195.5220,195.1800,195.3400,38200
1476714840,194.7500,195.3700,194.7500,195.2700,34300
1476715144,194.4300,194.8500,194.3300,194.8265,40600
1476715441,194.1500,194.7381,194.1000,194.4400,48600
1476715748,193.7300,194.2000,193.7000,194.1400,89700
1476716042,193.9000,194.0000,193.6500,193.7300,59600
1476716399,193.8200,193.9800,193.6600,193.8700,36700
1476716641,193.8396,193.9120,193.5700,193.9100,66400
1476716940,193.8400,193.9900,193.5500,193.8000,49100
1476717246,194.6840,194.8200,193.7500,193.7700,50000
1476717598,194.2800,194.7450,194.2800,194.7450,32100
1476717854,194.2000,194.4100,194.0000,194.3300,29700
1476718143,193.6000,194.2684,193.6000,194.2684,25800
1476718442,193.3300,193.7300,193.1500,193.6100,71600
1476718799,192.7750,193.3282,192.7100,193.3282,88800
1476719041,192.4900,192.8555,192.3300,192.7700,98800
1476719341,192.0701,192.5400,192.0000,192.4700,84600
1476719640,192.2500,192.5000,192.0701,192.1400,79300
1476719940,192.3900,192.4600,192.0300,192.2600,53300
1476720240,193.9600,194.0200,192.3300,192.4710,107300
1476720555,193.7650,194.0000,193.6300,193.9600,33700
1476720851,193.7700,193.8693,193.5600,193.7519,22200
1476721142,194.0129,194.3800,193.7400,193.8000,29600
1476721440,193.7800,194.0300,193.7000,193.9000,18700
1476721742,193.6550,193.8800,193.5200,193.7100,13800
1476722045,193.3300,193.7100,193.3000,193.6500,27100
1476722341,193.1100,193.4576,193.1100,193.3500,21800
1476722698,192.9689,193.1900,192.9000,193.1300,26800
1476722956,192.7300,192.9549,192.6200,192.9300,35800
1476723242,192.5300,192.7800,192.4700,192.7100,66500
1476723543,192.5000,192.6800,192.5000,192.6150,26000
1476723845,192.6000,192.6900,192.4000,192.5500,37200
1476724148,192.6900,192.7800,192.5500,192.6200,27600
1476724494,192.6700,192.7370,192.4800,192.5400,24800
1476724798,192.7100,192.7234,192.4100,192.7100,23800
1476725043,192.4500,192.7099,192.4000,192.7099,23700
1476725396,192.3400,192.5350,192.2400,192.5000,25500
1476725646,192.6951,192.7300,192.3000,192.3400,31100
1476725942,192.5800,192.8700,192.4500,192.6900,26700
1476726245,192.9900,193.0900,192.6000,192.6000,26600
1476726551,193.3883,193.3900,192.9900,192.9900,26500
1476726896,193.1600,193.4200,193.1600,193.4000,25300
1476727159,193.0300,193.2600,192.9600,193.2268,18200
1476727446,192.8400,193.0900,192.6900,192.9800,43100
1476727740,192.6240,192.8500,192.5600,192.8300,21800
1476728042,192.7500,192.8850,192.5900,192.6150,21800
1476728347,192.9800,192.9900,192.7500,192.8200,16000
1476728642,192.9700,193.1690,192.9100,192.9500,23300
1476728998,193.2400,193.2785,192.6310,192.9200,48500
1476729246,193.3500,193.3600,193.1400,193.2400,22800
1476729594,193.4700,193.4700,193.2400,193.3300,23300
1476729844,193.5100,193.6300,193.3500,193.4200,20900
1476730153,193.4883,193.5800,193.3300,193.5800,16400
1476730440,193.7200,193.9100,193.4600,193.5125,41300
1476730741,194.0100,194.0900,193.7900,193.8400,38300
1476731042,194.0500,194.0700,193.8700,193.9800,25200
1476731342,194.0000,194.1100,193.9300,194.0900,30700
1476731652,193.6689,194.0399,193.6600,194.0136,30900
1476731941,193.8400,193.8400,193.6400,193.6500,28700
1476732240,193.7700,193.8300,193.6700,193.8100,37300
1476732545,193.7300,193.8800,193.7000,193.8199,17400
1476732841,193.7800,193.8600,193.4777,193.7200,53600
1476733141,194.2300,194.2700,193.6800,193.7760,49000
1476733493,194.4900,194.6200,194.1300,194.2400,58600
1476733743,194.3488,194.6400,194.2400,194.5000,67000
1476734099,194.3600,194.4200,194.1100,194.2700,99400
1476734399,194.0800,194.4500,193.9900,194.3600,150000
1476734400,194.0900,194.0900,194.0900,194.0900,100
1476797698,195.4880,196.2500,194.6200,196.2000,0
1476797941,195.6364,195.8500,194.8800,195.5078,70900
1476798240,196.3500,196.3500,195.3900,195.7500,65800
1476798547,196.6201,197.2000,196.2100,196.4000,97100
1476798840,195.9500,196.7500,195.6400,196.7000,75700
1476799140,196.3311,196.3400,195.7400,195.9050,34700
1476799498,197.2100,197.4300,196.0000,196.3450,116300
1476799741,197.2600,197.4000,197.0600,197.3736,48000
1476800099,198.0164,198.2400,197.1935,197.2515,78200
1476800340,198.2300,198.6700,197.9300,198.0600,141600
1476800642,197.0210,198.4500,197.0200,198.1489,94900
1476800945,197.2900,197.2900,196.8404,197.0300,33300
1476801248,197.2700,197.5000,197.1800,197.2072,25500
1476801561,197.2900,197.3900,197.0000,197.2200,30900
1476801851,197.4200,197.4400,197.0700,197.2307,28400
1476802148,197.2200,197.4100,197.0400,197.4100,16000
1476802453,197.0200,197.2600,196.9100,197.1900,40000
1476802763,197.2072,197.2800,197.0100,197.0200,14300
1476803054,197.0936,197.2999,197.0300,197.2600,11600
1476803342,197.0900,197.1392,196.9200,197.1000,23900
1476803641,197.2600,197.2600,196.8800,197.0900,48000
1476803943,197.5800,197.7500,197.0900,197.2300,39000
1476804242,197.6100,197.7500,197.5260,197.6400,33700
1476804541,197.8500,197.9300,197.4000,197.5200,40800
1476804840,197.6700,197.9500,197.5700,197.9100,29100
1476805199,197.6500,197.8100,197.6000,197.6976,30500
1476805493,198.3950,198.5229,197.7000,197.7000,75900
1476805741,198.6300,198.6700,198.2301,198.4300,43200
1476806040,198.9800,199.1690,198.5980,198.6500,61600
1476806345,199.3300,199.4600,198.9400,198.9466,54200
1476806641,199.2000,199.4700,199.1000,199.3500,42900
1476806951,198.8350,199.1900,198.7600,199.1900,29900
1476807245,199.0400,199.0900,198.6200,198.8484,23400
1476807540,198.5900,199.0200,198.5284,199.0200,23000
1476807898,198.8500,198.8500,198.5200,198.5950,17000
1476808151,198.7700,198.9900,198.7700,198.8500,13000
1476808484,198.8079,198.9400,198.7500,198.7500,14700
1476808742,198.8011,198.9700,198.6900,198.8400,18600
1476809049,198.7100,198.9399,198.7100,198.9100,10700
1476809340,198.4200,198.7800,198.3100,198.7800,19100
1476809642,198.3801,198.6582,198.3400,198.4200,14400
1476809960,198.2600,198.4350,198.1177,198.4100,20800
1476810245,198.2600,198.4150,198.2000,198.2800,29300
1476810595,197.8000,198.4000,197.8000,198.2600,47600
1476810899,195.5400,198.0850,195.0100,197.8800,473600
1476811199,195.3500,197.3000,194.8000,195.5300,357500
1476811440,197.0000,197.1000,193.2600,195.3460,493700
1476811740,197.4800,197.8650,196.5000,196.5501,169300
1476812040,196.9100,197.5000,196.4400,197.3800,92500
1476812399,197.5100,197.7000,196.2200,196.7500,150500
1476812699,198.2000,198.6800,197.1800,197.5000,138900
1476812940,197.3800,198.5100,197.3500,198.3000,88900
1476813251,196.9769,197.5600,196.8110,197.5400,26000
1476813540,197.1900,197.6750,196.9700,196.9900,40000
1476813855,197.3400,197.5000,197.0700,197.1210,31800
1476814143,197.3700,197.4600,197.1500,197.3400,19500
1476814456,197.7400,197.7900,197.3100,197.3683,35100
1476814745,197.2000,197.7200,197.1600,197.7200,29300
1476815040,197.1300,197.5300,197.0200,197.2882,22300
1476815397,197.2700,197.3000,197.0000,197.2300,38000
1476815640,197.6800,197.9295,197.2800,197.2800,50900
1476815946,197.6650,197.7200,197.5100,197.6100,12700
1476816275,197.7050,197.7900,197.5500,197.7000,21200
1476816561,197.5100,197.7400,197.4500,197.7201,21100
1476816854,197.8150,197.8200,197.5000,197.5100,24400
1476817141,197.5655,197.8600,197.5000,197.8500,18000
1476817499,197.5700,197.6900,197.5000,197.5900,22600
1476817745,197.5500,197.6900,197.4700,197.6200,26400
1476818043,197.7850,197.7900,197.5000,197.6000,26200
1476818342,197.7100,198.0400,197.7000,197.7900,26000
1476818678,197.6500,197.8008,197.5000,197.8008,26200
1476818943,197.6300,197.7400,197.5700,197.6900,19700
1476819296,198.0400,198.2000,197.4810,197.6000,48200
1476819543,198.1900,198.3200,197.8900,198.1600,44200
1476819899,198.3300,198.3972,197.9900,198.2300,46000
1476820140,198.3800,198.4500,198.2100,198.2600,67500
1476820440,198.8600,198.9900,198.3800,198.4000,112700
1476820740,199.1000,199.1000,198.7100,198.8800,184900
1476820800,199.1000,199.1000,199.1000,199.1000,60200
1476884099,199.4600,199.8200,199.2500,199.2500,0
1476884399,200.5500,200.9000,199.4700,199.7000,146900
1476884641,199.7850,200.6000,199.2500,200.5981,95500
1476884943,199.5000,200.0000,199.4700,199.6480,77100
1476885241,198.7000,199.6199,198.7000,199.4900,94100
1476885540,198.4900,198.9200,198.2700,198.6600,97400
1476885844,198.7500,198.7800,198.4300,198.5700,65200
1476886141,198.8900,199.4000,198.6700,198.6900,91500
1476886445,198.6100,198.7700,198.3600,198.7700,57300
1476886749,198.5200,198.5900,198.0600,198.5704,61400
1476887045,198.4800,198.8200,198.4100,198.5300,49200
1476887350,198.7100,198.7600,198.4300,198.6042,31200
1476887641,199.4900,199.6800,198.7200,198.7900,98800
1476887940,199.5080,199.7500,199.2314,199.5000,68500
1476888246,199.6570,199.8900,199.4972,199.5000,26500
1476888594,199.3183,199.8000,199.2600,199.7900,29700
1476888840,199.5360,199.6000,199.0400,199.3500,32600
1476889197,199.7600,199.8000,199.5700,199.5900,29700
1476889444,199.7301,200.1500,199.6700,199.7600,74100
1476889791,200.2900,200.5000,199.7978,199.7978,47400
1476890042,200.0410,200.3695,199.8000,200.2900,42800
1476890391,200.2658,200.4600,200.0900,200.1900,38400
1476890697,200.2200,200.3400,199.9000,200.3400,35500
1476890940,200.0700,200.2600,200.0000,200.2500,38800
1476891257,200.0000,200.1300,199.9000,200.0500,30500
1476891545,200.3211,200.4500,199.9200,200.0400,40400
1476891893,201.0300,201.0700,200.3165,200.3200,79500
1476892141,200.8300,201.2200,200.6800,201.0526,64600
1476892497,200.8300,201.1700,200.7000,200.8950,53500
1476892750,200.7400,200.9500,200.6000,200.8600,19600
1476893058,200.2500,200.7494,200.0175,200.7494,47000
1476893348,200.1300,200.4800,200.0000,200.3500,47300
1476893642,200.0085,200.2490,199.9000,200.1200,36600
1476893956,200.5200,200.5900,200.0200,200.1100,45800
1476894298,201.0546,201.1000,200.5200,200.5300,52800
1476894545,200.6200,201.0300,200.6200,201.0300,19800
1476894850,200.6500,200.7300,200.5200,200.5200,14600
1476895142,200.2900,200.7500,200.2900,200.6750,17700
1476895442,200.5300,200.6040,200.2800,200.2810,21900
1476895792,200.6200,200.6200,200.4500,200.5600,12300
1476896099,200.8996,200.8996,200.4100,200.4500,46900
1476896344,201.1240,201.1879,200.8500,200.9200,52500
1476896688,201.0688,201.2300,201.0100,201.1800,25600
1476896999,201.1150,201.2400,201.0000,201.1100,20500
1476897243,201.5100,201.5100,201.0200,201.1655,73800
1476897544,201.6500,201.6500,201.3200,201.4670,63800
1476897843,201.9700,202.0000,201.5551,201.6500,76100
1476898140,202.8200,202.9599,201.9900,201.9900,143000
1476898499,203.3600,203.4000,202.3000,202.8200,145600
1476898745,204.1500,204.3300,202.9100,203.2850,209500
1476899040,204.0814,204.3600,203.8600,204.1500,110100
1476899342,204.4300,204.7100,204.0101,204.0597,138000
1476899699,205.0730,205.5500,204.3600,204.4300,258900
1476899942,205.8450,206.0500,205.0000,205.2300,206300
1476900240,206.6000,206.6000,205.8000,205.8450,214700
1476900540,205.8100,206.6600,205.7400,206.6120,195200
1476900842,205.1903,205.9000,204.9000,205.8700,179900
1476901144,205.4061,205.6190,205.1900,205.2100,70300
1476901443,204.3300,205.3800,204.2000,205.3800,88600
1476901742,204.0300,204.7670,204.0300,204.4700,68600
1476902040,203.8005,204.2200,203.5400,204.0500,85600
1476902343,204.5000,204.6406,203.8180,203.8180,85100
1476902699,204.3500,204.4800,204.1801,204.4046,37600
1476902945,204.7900,204.8900,204.3350,204.3700,39700
1476903240,204.0550,204.8500,204.0300,204.7700,38200
1476903597,204.3200,204.5590,204.0555,204.0558,55700
1476903895,204.1752,204.4000,204.1500,204.3000,34400
1476904153,204.5500,204.5899,204.2000,204.2000,40800
1476904442,204.5600,204.6500,204.4600,204.5000,47200
1476904743,204.6450,204.6744,204.4800,204.5500,54800
1476905050,204.3178,204.6600,203.8200,204.6200,95300
1476905399,202.4300,204.3700,202.2900,204.2972,257900
1476905642,204.0000,204.0900,202.3300,202.3900,128000
1476905941,204.0350,204.2700,203.8700,204.0000,80300
1476906299,203.8700,204.1500,203.3500,204.0100,66700
1476906541,203.3600,203.8200,203.2000,203.8200,107600
1476906840,203.6000,203.7500,203.0000,203.3500,155900
1476907199,203.6600,203.9545,203.4200,203.5700,273700
1476907200,203.5600,203.5600,203.5600,203.5600,64300
1476970441,199.4100,202.1800,199.0000,202.1452,0
1476970799,197.0600,199.3250,197.0600,199.2400,320100
1476971040,197.2000,198.1700,197.0500,197.1500,239600
1476971341,198.0600,198.3100,197.1475,197.1717,222100
1476971640,198.0311,198.2300,197.2809,198.0100,119400
1476971940,199.0400,199.3200,197.8200,197.9100,126100
1476972242,198.5800,199.2400,198.3875,199.0400,84400
1476972543,198.2200,198.9073,198.1400,198.7500,69700
1476972842,198.0700,198.4600,198.0000,198.2400,93000
1476973140,198.5379,198.6500,198.0000,198.0800,51000
1476973443,198.5001,198.8400,198.4110,198.5456,36900
1476973740,199.6600,199.9600,198.3500,198.5000,241900
1476974095,198.6400,199.7150,198.5400,199.7150,115200
1476974342,199.1046,199.3600,198.4300,198.7300,81700
1476974640,198.9000,199.2400,198.7600,199.0300,45500
1476974940,199.8849,199.9000,198.7700,198.9654,76500
1476975299,199.3324,199.8000,198.9842,199.7400,50900
1476975545,199.0600,199.2900,198.7700,199.2300,52300
1476975842,198.9000,199.1200,198.8000,199.0700,36600
1476976143,198.9100,199.1748,198.7500,198.9450,46900
1476976441,198.9200,199.0300,198.8000,198.9100,25300
1476976756,198.9900,199.0100,198.6300,198.9000,25400
1476977048,198.7611,199.0500,198.7135,199.0000,33300
1476977355,198.9000,198.9200,198.7200,198.7600,22700
1476977646,198.9400,199.1000,198.8400,198.9100,29800
1476977945,198.8100,198.9400,198.6800,198.9350,20700
1476978296,199.2500,199.4000,198.8500,198.8500,36500
1476978543,199.6900,199.9500,199.0600,199.2700,50400
1476978883,199.6000,199.7200,199.4600,199.7200,15600
1476979149,199.9050,199.9100,199.2600,199.5450,28500
1476979440,200.7805,200.9200,199.7600,199.8800,112300
1476979740,201.0475,201.1000,200.5010,200.7100,75800
1476980040,201.4600,201.7900,201.0200,201.0900,145000
1476980340,202.6750,202.7000,201.4100,201.4600,165200
1476980640,201.8500,203.0000,201.6100,202.7000,92000
1476980941,201.7322,201.8900,201.2800,201.7400,61200
1476981241,201.2500,202.0200,201.1900,201.7400,51400
1476981545,201.3900,201.4000,201.0600,201.2900,33000
1476981894,201.0750,201.6600,200.8000,201.4600,37700
1476982142,200.7900,201.2300,200.6100,201.1400,30700
1476982442,201.3000,201.4500,200.5300,200.8000,36700
1476982742,200.6500,201.3300,200.5020,201.1850,22100
1476983045,200.6600,200.7900,200.5100,200.6200,13000
1476983340,200.2900,200.7400,200.1500,200.5700,39800
1476983699,200.3200,200.5200,200.2578,200.2584,31400
1476983944,200.1500,200.4300,200.0100,200.3000,43400
1476984240,200.2650,200.3790,199.8100,200.1000,33300
1476984540,200.2100,200.5100,200.1805,200.2800,25600
1476984841,200.3600,200.4550,200.2600,200.2700,10700
1476985197,200.2800,200.5600,200.1800,200.3115,20800
1476985483,200.2750,200.4200,200.0100,200.3219,25300
1476985744,199.8750,200.2800,199.8000,200.1700,21500
1476986045,199.8332,199.9500,199.5500,199.7500,42400
1476986340,199.6050,199.8900,199.5800,199.7900,21400
1476986646,199.6125,199.7990,199.5100,199.5500,25200
1476986940,199.7500,199.9099,199.6302,199.6302,24900
1476987244,200.0900,200.2100,199.7400,199.7600,29900
1476987599,200.2200,200.3399,199.8000,200.0200,40500
1476987846,200.2126,200.4500,200.1800,200.2790,23100
1476988194,200.0400,200.3200,199.9800,200.2100,24000
1476988445,199.8500,200.0200,199.7100,200.0200,20700
1476988743,200.0750,200.1050,199.8400,199.8700,14100
1476989098,199.8000,200.0461,199.5300,200.0461,22600
1476989340,200.2000,200.2000,199.8000,199.8400,15800
1476989699,200.1000,200.2300,200.0100,200.1700,21400
1476989992,200.1100,200.2200,200.0200,200.1500,21100
1476990296,199.9300,200.1600,199.8300,200.1100,28500
1476990542,199.9300,199.9800,199.6101,199.9800,23400
1476990841,199.9600,199.9900,199.7300,199.9100,15800
1476991141,199.8400,200.0000,199.8300,199.9700,16800
1476991451,200.0200,200.0200,199.8300,199.8400,18000
1476991795,200.3500,200.4100,199.9700,199.9700,37600
1476992042,200.0900,200.5000,200.0400,200.4000,41000
1476992349,199.5800,200.1200,199.4200,200.1200,63400
1476992699,199.3000,199.6700,199.2000,199.6000,58500
1476992997,199.7550,199.8500,199.0000,199.3200,93400
1476993240,199.0000,199.7300,198.9400,199.7300,108700
1476993540,199.1200,199.2500,198.9100,199.0000,154700
1476993600,199.1000,199.1000,199.1000,199.1000,81600
1477056847,198.0800,199.5600,198.0800,198.5000,0
1477057143,198.4300,198.4300,197.4100,198.0100,94500
1477057441,198.7600,199.3500,198.0720,198.3100,49900
1477057797,198.7499,198.9900,198.3100,198.7800,31000
1477058098,198.6100,198.7800,198.4400,198.6700,23100
1477058398,199.4400,199.5600,198.5100,198.6500,40400
1477058640,199.3900,199.5600,199.0400,199.3671,29500
1477058940,199.9900,200.0100,199.4100,199.4100,76200
1477059252,200.1119,200.1700,199.6000,199.9300,78300
1477059543,200.5300,200.6100,199.9356,200.0150,56900
1477059841,200.7400,200.7900,200.4700,200.5440,62100
1477060140,200.2900,200.7800,200.0000,200.6900,35400
1477060448,200.5100,200.7200,200.2720,200.2720,41700
1477060758,200.0500,200.4500,200.0100,200.4500,46600
1477061098,200.5800,200.6000,200.0510,200.0700,26600
1477061342,200.5100,201.3000,200.4700,200.6300,61700
1477061643,201.2700,201.3200,200.4600,200.5800,62300
1477061997,201.0400,201.5700,200.9200,201.2800,64200
1477062292,200.5200,201.0900,200.4500,201.0400,47500
1477062554,200.6500,200.9200,200.4400,200.5300,23200
1477062894,200.6800,200.8600,200.6300,200.6800,12800
1477063144,200.1000,200.8000,200.1000,200.6400,26100
1477063492,200.1750,200.3100,200.0500,200.1901,28000
1477063798,200.2400,200.4736,200.1700,200.2100,23100
1477064099,200.1800,200.3000,200.0700,200.3000,11400
1477064347,199.9529,200.1100,199.9200,200.1100,23800
1477064658,200.1800,200.3399,199.9600,200.0100,11500
1477064942,200.5800,200.5890,200.0400,200.2302,26500
1477065241,200.6100,200.6500,200.4408,200.5499,16600
1477065545,200.1325,200.7400,200.1325,200.6300,18500
1477065867,199.8429,200.1600,199.7700,200.1350,24300
1477066172,199.8800,200.1000,199.8500,199.9200,10900
1477066451,199.8700,200.0690,199.8200,199.9000,26500
1477066747,199.7450,199.9500,199.5600,199.8700,20600
1477067044,199.5700,199.7800,199.2800,199.7700,56200
1477067388,199.5480,199.6360,199.3000,199.5100,19900
1477067643,199.2500,199.5700,199.1300,199.5389,20600
1477067950,199.4400,199.6398,199.1200,199.2500,29000
1477068247,199.3600,199.5800,199.3125,199.4000,26500
1477068566,199.6000,199.6000,199.3650,199.4200,10600
1477068870,199.7278,199.7750,199.4500,199.6300,14600
1477069147,199.8990,200.1500,199.6801,199.6900,32100
1477069458,199.6499,199.9500,199.4590,199.9000,33900
1477069744,199.6668,199.7000,199.3405,199.5600,13100
1477070044,199.3900,199.7000,199.3600,199.6700,11800
1477070365,199.3750,199.5200,199.3750,199.4248,11000
1477070664,199.4700,199.5300,199.3575,199.4300,9100
1477070985,199.2600,199.5700,199.2100,199.4900,26600
1477071244,198.8400,199.3500,198.8400,199.1900,71000
1477071540,199.1400,199.2500,198.8900,198.9500,10800
1477071844,199.7610,199.9000,199.1400,199.2290,39300
1477072140,199.9600,199.9600,199.7000,199.8500,21000
1477072465,199.5800,200.0000,199.5100,199.9500,18700
1477072742,199.6800,199.6800,199.5240,199.6300,9700
1477072995,199.5000,199.6300,199.4100,199.5800,13200
1477073399,199.1500,199.5700,199.1500,199.5100,23200
1477073669,199.1300,199.2700,199.0300,199.2700,23200
1477073951,199.5600,199.6400,199.1700,199.2000,21900
1477074272,199.4500,199.6300,199.2100,199.5400,6100
1477074542,199.5600,199.9000,199.2800,199.4600,39100
1477074851,199.7500,199.8700,199.5300,199.5300,19300
1477075170,199.7800,199.8000,199.5300,199.6800,23300
1477075463,199.5848,199.7500,199.5110,199.6900,7400
1477075748,199.4800,199.6100,199.4500,199.6100,3900
1477076040,199.2300,199.5700,199.2300,199.5267,16500
1477076374,199.2749,199.2750,198.9400,199.2500,20400
1477076652,199.4500,199.4800,199.3000,199.3000,17300
1477076952,199.3600,199.4900,199.3600,199.4800,11100
1477077267,199.4000,199.4600,199.2950,199.4100,11000
1477077577,199.3200,199.4400,199.2431,199.3933,13100
1477077895,199.3900,199.4548,199.2000,199.3200,27900
1477078147,199.3250,199.5100,199.2800,199.4400,17100
1477078442,199.5400,199.5400,199.3000,199.3000,26100
1477078749,199.6200,199.6800,199.4400,199.5500,36900
1477079043,199.6700,199.7300,199.5300,199.5800,44200
1477079347,199.8254,199.8800,199.6000,199.6750,56300
1477079640,199.8700,200.0300,199.8500,200.0300,98300
1477079941,200.0900,200.1700,199.7500,199.9000,215100
1477080000,200.0900,200.0900,200.0900,200.0900,271600
1477316096,202.0660,202.8400,200.8500,200.9600,0
1477316340,203.2550,203.5000,202.0700,202.1500,127900
1477316640,201.8700,203.3300,201.7100,203.2900,90200
1477316999,202.6784,202.7500,202.0100,202.0700,57800
1477317243,202.0800,202.7500,201.9000,202.5900,54600
1477317541,202.3100,202.8200,202.1900,202.2000,43400
1477317841,201.3700,202.4100,201.3513,202.2700,59800
1477318143,201.0000,201.5800,200.8000,201.4224,91700
1477318440,201.0300,201.5900,200.8650,201.0344,30700
1477318741,200.6700,201.1200,200.2500,201.0400,51100
1477319050,200.5600,200.8662,200.4400,200.5000,59100
1477319343,201.0670,201.1500,200.5800,200.5800,27700
1477319641,201.3586,201.4300,200.9500,201.0300,24000
1477319944,201.2500,201.4700,201.0000,201.3400,16300
1477320297,200.9300,201.2500,200.7600,201.2100,22400
1477320552,200.9000,201.0720,200.8200,200.8900,18200
1477320895,201.0445,201.1000,200.7000,200.9800,23200
1477321140,201.8577,201.9500,201.0000,201.0450,67600
1477321442,202.2600,202.4300,201.8000,201.9700,47900
1477321752,201.7564,202.2500,201.7564,202.2034,23100
1477322048,202.0600,202.2395,201.7516,201.8000,29200
1477322341,202.4300,202.4900,202.1200,202.1500,36600
1477322646,202.7100,202.7800,202.4400,202.4400,37700
1477322991,202.7000,202.9500,202.6060,202.6963,33100
1477323292,203.1521,203.1521,202.5500,202.6011,54700
1477323540,203.4000,203.4000,203.0097,203.1700,48000
1477323840,203.0000,203.4500,202.8800,203.4400,41600
1477324140,203.4200,203.4900,202.9300,202.9300,36000
1477324440,203.6786,203.8750,203.3700,203.3800,56400
1477324743,203.5200,203.8500,203.4400,203.7500,16200
1477325042,203.0300,203.5200,202.9100,203.5100,45200
1477325356,202.8600,203.0300,202.6100,203.0000,21900
1477325698,202.9400,202.9400,202.6100,202.7540,11200
1477325948,203.2800,203.2800,202.9800,202.9800,27600
1477326250,203.1444,203.4500,202.9514,203.2700,24400
1477326599,203.1300,203.3300,203.0700,203.2100,16300
1477326844,203.3300,203.3300,202.9500,203.1200,15300
1477327145,203.2850,203.4100,203.2500,203.3600,15800
1477327444,203.3900,203.3900,203.0400,203.2899,16600
1477327744,203.1700,203.4900,202.5600,203.4000,83600
1477328044,202.7001,203.2400,202.6610,202.9800,19500
1477328361,202.8800,203.0000,202.7100,202.7800,7400
1477328642,203.2000,203.2800,202.8500,202.8500,18300
1477328944,203.5000,203.5000,203.1200,203.1636,25500
1477329271,203.3700,203.5100,203.3000,203.4800,22100
1477329544,203.4900,203.5000,203.2800,203.2960,11600
1477329895,203.2314,203.5500,203.1252,203.5000,31100
1477330141,203.7447,203.7900,203.3500,203.3500,38400
1477330442,203.7900,203.9452,203.7100,203.7200,46200
1477330743,203.8750,203.9195,203.7600,203.8150,17800
1477331046,203.8400,203.8500,203.6100,203.7986,20400
1477331346,203.4800,203.9000,203.4700,203.8450,21100
1477331697,203.2900,203.6090,203.2600,203.4900,22500
1477331952,203.5100,203.6000,203.1980,203.3475,22500
1477332254,203.4600,203.6000,203.2870,203.4300,16900
1477332577,203.6900,203.7100,203.4140,203.4700,15300
1477332850,203.4400,203.6500,203.3600,203.6300,22400
1477333160,203.2259,203.4700,203.1700,203.4700,13700
1477333497,203.1800,203.3200,203.0500,203.2800,17400
1477333741,202.9400,203.3800,202.8800,203.2500,22300
1477334041,202.7200,203.0525,202.5200,202.9522,26300
1477334346,202.7310,202.8300,202.6651,202.6900,7800
1477334640,202.9701,203.0700,202.8200,202.8200,18500
1477334951,202.6000,203.1400,202.6000,203.0668,15400
1477335256,202.8460,202.9800,202.6000,202.6450,10300
1477335590,202.9700,202.9700,202.8400,202.8800,7500
1477335849,202.9500,202.9900,202.8410,202.8900,8600
1477336171,202.7500,203.0300,202.7300,202.9400,13400
1477336440,202.8300,202.9600,202.7400,202.7400,6400
1477336744,202.7900,202.9600,202.7900,202.8693,23000
1477337041,202.7500,202.9300,202.6300,202.7800,16800
1477337340,202.6900,202.8300,202.5000,202.7750,28500
1477337643,202.5200,202.6700,202.5100,202.6700,24600
1477337949,202.5700,202.7400,202.5300,202.5700,21900
1477338298,202.6900,202.7850,202.5500,202.5900,31400
1477338541,202.7300,202.8900,202.6808,202.6808,37300
1477338840,202.6000,202.8700,202.6000,202.8100,58900
1477339140,202.7600,202.8700,202.5700,202.6399,163300
1477339200,202.7600,202.7600,202.7600,202.7600,300
1477402457,203.0500,203.3500,202.1159,202.8500,0
1477402799,204.1842,204.6900,203.1108,203.1300,112800
1477403040,203.4010,204.3200,203.1000,204.0000,47800
1477403348,202.6400,203.7700,202.5940,203.4535,37100
1477403698,203.0950,203.2100,202.5888,202.7100,28500
1477403945,203.0000,203.2000,202.8600,203.1300,25700
1477404299,202.4800,203.0000,202.3100,202.9800,42500
1477404559,202.9300,203.2050,202.4422,202.5196,36300
1477404884,202.8700,203.0800,202.7901,203.0300,13200
1477405147,203.3100,203.4400,202.7900,202.7900,30400
1477405442,202.9384,203.1800,202.7500,203.1780,27800
1477405798,203.0000,203.3500,202.8120,202.8700,32800
1477406044,203.0200,203.0200,202.4500,202.9950,31500
1477406345,203.1600,203.3500,203.0400,203.0500,36700
1477406640,202.2500,203.1000,202.2500,203.1000,49600
1477406997,202.3050,202.4200,202.0049,202.1900,38800
1477407260,202.4500,202.5500,202.1800,202.2968,16000
1477407540,202.7200,202.8100,202.3200,202.4520,26400
1477407844,202.7500,203.0900,202.6500,202.6900,25200
1477408196,202.3450,202.7400,202.2000,202.7400,23200
1477408443,202.3300,202.3900,202.0100,202.3800,32900
1477408745,202.5590,202.5843,202.0600,202.1800,22500
1477409062,202.4700,202.5500,202.0600,202.5500,20800
1477409341,202.8600,202.9550,202.4750,202.5300,11600
1477409641,202.6510,202.9600,202.6200,202.9500,13100
1477409940,202.5100,202.7600,202.4800,202.6200,17900
1477410246,202.3800,202.7000,202.2901,202.5400,10000
1477410545,202.4900,202.6500,202.3800,202.3900,7400
1477410860,202.3800,202.4800,202.1300,202.4500,11800
1477411141,202.4600,202.5400,202.3300,202.4000,8300
1477411444,202.3800,202.4800,202.2500,202.4368,19800
1477411783,202.2110,202.4500,202.1000,202.3500,8700
1477412095,202.4900,202.6000,202.2400,202.3700,10600
1477412350,202.7800,202.8500,202.3340,202.3900,25000
1477412648,202.7100,202.8700,202.5600,202.8500,8900
1477412940,202.5900,202.8600,202.5500,202.7400,9400
1477413242,202.7396,202.7500,202.4200,202.5500,15700
1477413548,202.9300,202.9300,202.5500,202.7400,9000
1477413854,202.8900,202.9100,202.6500,202.8494,10500
1477414194,203.2400,203.3300,202.8600,202.9100,41800
1477414451,202.8300,203.2700,202.8300,203.2600,22600
1477414748,203.1545,203.2000,202.8000,202.8597,14700
1477415050,203.2800,203.2900,202.9440,203.0400,14100
1477415342,203.5858,203.6900,203.2600,203.2900,48700
1477415640,203.3550,203.8300,203.2500,203.6400,33900
1477415990,203.4680,203.4900,203.3100,203.3300,11000
1477416299,203.3690,203.6590,203.2200,203.4652,18900
1477416593,203.2500,203.3700,203.1400,203.2700,13300
1477416854,203.2000,203.3200,203.0580,203.2600,14500
1477417145,203.1800,203.4100,203.1300,203.3500,10100
1477417441,203.2600,203.2900,203.1200,203.1600,9000
1477417745,203.3300,203.4100,203.1777,203.2200,14500
1477418041,203.1400,203.4600,203.1300,203.3700,12200
1477418370,203.1200,203.2700,203.0900,203.0900,10600
1477418640,203.2700,203.4000,203.1340,203.2000,17700
1477418955,203.3400,203.3700,203.2000,203.2000,8200
1477419242,202.5500,203.3900,201.8400,203.3500,171300
1477419542,202.2800,202.7904,202.2700,202.6043,49900
1477419852,202.5500,202.6200,202.0801,202.3682,39600
1477420094,202.5500,202.6000,202.4100,202.4900,10700
1477420473,202.2000,202.5900,202.2000,202.5000,15600
1477420784,201.6300,202.2500,201.6300,202.2100,39600
1477421076,201.5000,201.7800,201.2000,201.6200,36900
1477421387,201.8699,201.8900,201.3200,201.4000,195400
1477421640,201.6850,201.7700,201.5100,201.7700,11000
1477421948,201.6700,201.8400,201.6310,201.6600,15900
1477422241,201.5900,201.7256,201.4700,201.6710,14600
1477422591,201.8500,201.8500,201.5100,201.5999,31500
1477422846,201.3700,201.8800,201.3600,201.8800,34800
1477423147,201.5500,201.5500,201.3100,201.3600,27900
1477423463,201.8095,201.8300,201.5700,201.5700,16600
1477423744,202.0910,202.1400,201.8300,201.8800,37000
1477424054,202.0500,202.1800,201.8700,202.1500,35700
1477424346,202.0600,202.1000,201.8500,202.0800,24500
1477424642,201.9875,202.1300,201.9700,202.0400,23000
1477424940,202.0000,202.1500,201.9003,201.9950,49000
1477425240,201.9600,202.1200,201.7400,201.9400,52500
1477425540,202.3700,202.4800,201.8700,201.8700,91100
1477425600,202.3400,202.3400,202.3400,202.3400,42800
1477488847,201.6050,202.3700,201.1100,201.3500,0
1477489143,202.2400,202.4500,201.5966,201.5966,42500
1477489453,201.8110,202.9300,201.6210,202.1795,43800
1477489747,201.8800,202.3800,201.1470,201.7250,34000
1477490091,201.2750,201.9050,200.4300,201.9000,90500
1477490395,201.1400,201.3900,201.0200,201.3100,18800
1477490641,200.8200,201.2584,200.5700,201.1820,34200
1477490948,200.3883,200.9200,200.1100,200.8800,39300
1477491243,200.5445,200.6400,200.1000,200.3500,54300
1477491545,200.3700,200.7600,200.1700,200.5700,33000
1477491840,200.6000,200.6346,200.1200,200.4400,46100
1477492146,200.5500,200.9600,200.3700,200.6500,36600
1477492458,200.5600,200.8700,200.3500,200.5300,40700
1477492740,200.9900,200.9900,200.4800,200.4800,32400
1477493041,200.7400,201.1100,200.6810,201.0000,56900
1477493344,201.1900,201.2800,200.8100,200.8100,131200
1477493640,201.8200,201.9800,201.1800,201.3100,45300
1477493997,202.1393,202.1900,201.6800,201.6900,51900
1477494240,201.8800,202.1500,201.6000,202.1294,30400
1477494542,202.0000,202.0800,201.6400,201.8200,46600
1477494840,202.3400,202.7500,201.6400,201.9500,53900
1477495141,202.3749,202.6100,202.1000,202.5255,32300
1477495499,202.8700,202.9000,202.4220,202.4400,44500
1477495742,202.8300,203.1900,202.6452,202.8000,66900
1477496040,202.2800,202.8300,202.1800,202.8060,36400
1477496345,202.4900,202.7200,202.2900,202.3100,34400
1477496698,202.3500,202.7000,202.2700,202.5400,30000
1477496947,202.9200,202.9399,202.2800,202.3200,22400
1477497246,202.6800,203.1400,202.6800,202.8800,26700
1477497540,202.1400,202.9600,202.0100,202.8700,43100
1477497863,201.8200,202.2500,201.6000,202.1500,33600
1477498153,202.1000,202.1900,201.8500,201.9188,12600
1477498447,202.4800,202.6800,202.1300,202.1500,38600
1477498742,202.3500,202.5900,202.3400,202.3800,13700
1477499043,202.2400,202.3900,202.2400,202.3600,18700
1477499352,201.9600,202.3800,201.8300,202.3000,19900
1477499652,202.1107,202.1750,201.9000,201.9000,32300
1477499943,202.0006,202.1100,201.8254,202.1100,74200
1477500254,201.9090,201.9800,201.6877,201.9800,22000
1477500552,201.7500,201.9200,201.6100,201.9200,13000
1477500842,202.1900,202.1900,201.8000,201.8000,18200
1477501146,201.9074,202.2200,201.7800,202.0700,11200
1477501454,202.0200,202.1500,201.8900,201.9400,9300
1477501747,201.2600,202.0600,201.2600,202.0600,38000
1477502042,201.2700,201.4900,201.0800,201.2000,21200
1477502347,201.4032,201.4500,201.0600,201.2800,18000
1477502699,200.9500,201.4631,200.9500,201.4200,28000
1477502960,201.2000,201.4700,200.9000,201.0200,47900
1477503241,201.3900,201.4900,201.1100,201.2600,15100
1477503548,201.0200,201.3400,201.0000,201.2872,24000
1477503897,200.3400,201.1100,200.2700,201.0210,52600
1477504148,200.3500,200.5400,200.2600,200.3150,20800
1477504442,200.2100,200.4543,200.1310,200.4200,28400
1477504752,200.2420,200.3400,200.1000,200.1500,18000
1477505044,200.2600,200.4000,200.1200,200.2200,36300
1477505397,200.5500,200.8641,200.2500,200.2500,39600
1477505655,200.6565,200.6800,200.3300,200.5132,14500
1477505990,200.3900,200.6800,200.3700,200.6700,14400
1477506250,200.4800,200.5300,200.3500,200.4700,9400
1477506542,200.4000,200.5400,200.3000,200.4600,21900
1477506897,200.7900,201.0250,200.3000,200.3700,33700
1477507194,201.1600,201.4600,200.8100,200.9000,36800
1477507453,201.3600,201.5999,201.1400,201.1500,30500
1477507745,201.4260,201.5900,201.1924,201.4245,32200
1477508041,201.5900,201.5960,201.3500,201.4400,21700
1477508361,201.7990,201.8850,201.4550,201.5800,26300
1477508641,201.6000,201.8740,201.6000,201.7100,21900
1477508940,201.6700,201.7056,201.4200,201.6300,34800
1477509242,201.5000,201.7200,201.4000,201.6800,36600
1477509541,201.3200,201.5100,201.2700,201.4400,22800
1477509847,201.6100,201.6600,201.2900,201.3600,33300
1477510158,201.6312,201.7300,201.5500,201.6400,94500
1477510442,201.9000,202.0400,201.5800,201.6700,67900
1477510744,202.0564,202.1300,201.8300,201.9300,51700
1477511040,202.4700,202.4800,201.8123,202.0300,80500
1477511341,202.5460,202.6400,202.4000,202.4750,121400
1477511643,202.2300,202.7200,202.0700,202.5300,127000
1477511940,202.3400,202.4600,202.0600,202.2350,203700
1477512000,202.2400,202.2400,202.2400,202.2400,28000
1477575240,210.8300,213.5500,210.3000,211.1900,0
1477575540,211.1100,211.3800,209.6200,210.6300,608200
1477575840,212.9300,213.1900,210.7500,211.1400,631900
1477576199,212.4800,213.6300,211.5000,212.9800,533300
1477576441,213.0101,213.3400,212.0100,212.4700,305300
1477576741,212.9900,213.7000,212.5000,213.0744,341800
1477577041,213.2800,213.4900,212.3500,212.9486,202600
1477577340,211.1300,213.4800,210.8000,213.3100,384800
1477577698,210.8300,211.4300,209.8200,211.1000,415600
1477577999,210.9500,211.7200,210.5500,210.8400,157300
1477578240,211.2300,212.2000,210.6300,210.8100,199700
1477578540,211.5700,211.8800,211.1500,211.3150,98700
1477578840,212.0700,212.2500,211.5000,211.5200,152800
1477579140,211.6100,212.2450,211.2700,212.0400,136300
1477579441,210.9800,211.9292,210.7600,211.6000,215800
1477579740,211.1362,211.3900,210.2900,210.9300,128200
1477580040,211.4000,211.4900,210.9300,211.1200,91600
1477580342,210.8200,211.4600,210.2200,211.4600,86300
1477580641,210.4700,211.0300,210.1100,210.5800,90400
1477580999,209.7600,211.2000,209.7300,210.5200,132200
1477581240,209.8200,210.4600,209.6300,209.7100,121900
1477581540,208.5946,210.0100,208.5000,209.9000,221900
1477581899,207.9600,208.7100,207.7800,208.5000,284800
1477582148,208.4100,208.8668,207.9090,207.9570,156200
1477582442,208.6600,208.9900,208.2500,208.4800,115200
1477582745,208.1500,208.9400,207.5500,208.6200,125100
1477583040,206.8341,208.2799,206.6000,208.2170,228300
1477583398,206.5100,207.8000,206.0601,206.8900,173500
1477583698,206.7800,207.5300,206.4100,206.4743,127200
1477583941,206.7000,207.4000,206.6000,206.8300,107300
1477584248,207.5254,207.9000,206.4000,206.6800,161600
1477584541,207.0000,207.8460,206.7000,207.4000,104500
1477584841,205.3100,207.1500,205.1500,206.9900,214700
1477585199,205.3000,205.7400,204.5000,205.1800,222300
1477585440,203.5000,205.4600,203.1708,205.2000,298800
1477585741,204.6390,204.7600,203.4900,203.5530,170700
1477586043,204.7100,205.0000,204.4700,204.5900,80300
1477586399,205.2600,205.7966,204.6100,204.8000,175900
1477586698,204.2099,205.3100,204.0000,205.2495,127400
1477586942,204.3000,204.4900,203.6600,204.1550,85300
1477587243,203.2800,204.3100,202.7700,204.3100,117000
1477587546,203.0000,203.4600,202.3086,203.1400,119900
1477587842,202.0800,203.1500,201.8500,203.0100,126300
1477588141,203.0500,203.1000,201.6500,202.0780,138700
1477588442,202.9628,203.1190,201.8200,203.0100,108400
1477588740,203.7100,203.9800,203.0100,203.0100,118000
1477589041,203.1200,203.8747,203.0600,203.7700,87300
1477589344,203.4600,203.5000,203.1300,203.2000,41200
1477589642,202.4900,203.5000,202.0000,203.4800,101800
1477589946,202.8500,203.2492,202.4700,202.5000,62000
1477590241,202.4200,202.9700,202.0000,202.9700,66900
1477590546,202.0900,202.6900,202.0400,202.3859,56000
1477590898,202.2400,202.9500,202.1100,202.1700,111700
1477591143,202.9800,203.1400,202.1500,202.1500,70600
1477591442,203.2000,203.4400,202.3850,202.7950,80400
1477591744,203.3000,203.7900,203.1300,203.1730,100800
1477592099,204.0201,204.4300,203.1100,203.1600,101100
1477592399,204.2600,204.6900,204.0200,204.1880,97000
1477592641,203.7400,204.4700,203.6152,204.2800,79000
1477592940,204.0800,204.1000,203.5200,203.7821,60300
1477593298,204.4700,204.7700,204.0700,204.0700,81600
1477593540,205.2100,205.7280,204.2500,204.4800,233800
1477593841,204.9100,205.3200,204.5000,205.2800,60000
1477594198,205.5340,205.7000,204.8600,204.8727,79200
1477594497,204.3178,205.5700,204.2100,205.5700,93500
1477594795,204.6200,204.7900,204.2100,204.2200,51800
1477595044,204.6300,204.9600,204.4101,204.6600,46800
1477595342,204.6500,204.9600,204.1209,204.6225,54000
1477595647,203.6500,204.6500,203.5400,204.6400,79100
1477595948,203.0300,203.8500,202.9400,203.6100,101800
1477596241,203.2900,203.6900,203.0530,203.1400,75500
1477596540,203.8900,203.8900,203.2800,203.2800,58200
1477596841,203.1300,203.8700,203.0000,203.8700,70600
1477597141,203.6300,203.8399,203.0500,203.1800,66000
1477597441,203.8200,203.9500,203.4900,203.6700,85000
1477597744,203.7700,204.0000,203.5100,203.7300,86900
1477598043,204.1300,204.5000,203.6800,203.6800,183400
1477598340,204.0100,204.2500,203.7900,204.1600,342000
1477598400,204.0100,204.0100,204.0100,204.0100,0
1477661640,203.7000,203.7450,202.3700,203.5700,0
1477661947,204.4100,205.3200,203.5700,203.5700,105800
1477662240,203.7500,204.8500,203.3500,204.4800,79200
1477662542,204.0300,204.6100,203.7100,203.7650,86600
1477662840,203.6061,204.0300,203.1600,203.8900,93000
1477663140,203.3200,203.8400,203.3000,203.5900,36800
1477663443,202.6900,203.8000,202.6900,203.3800,62000
1477663745,202.1100,203.0200,202.0000,202.7100,149700
1477664040,201.9000,202.2050,201.2500,202.1000,121200
1477664340,201.6300,201.9200,201.3300,201.8201,68800
1477664643,201.6858,201.9300,200.8500,201.7100,128400
1477664942,202.1000,202.4899,201.6200,201.7500,58800
1477665240,202.7500,202.9200,202.0100,202.2000,64900
1477665599,203.1000,203.1300,202.3200,202.7600,50600
1477665842,202.8286,203.1600,202.5300,203.0500,51600
1477666140,202.6600,203.0000,202.6500,202.8760,29500
1477666460,202.1900,202.7700,201.8900,202.6800,52700
1477666742,202.1400,202.5800,202.0700,202.2300,45400
1477667099,202.7633,202.9725,202.0400,202.1700,40000
1477667346,202.5000,202.7800,202.3900,202.7800,38000
1477667646,202.6700,202.6700,202.1700,202.4900,32700
1477667993,202.3900,202.8100,202.3200,202.7000,33200
1477668296,202.4700,202.5900,202.3000,202.3850,23100
1477668598,202.0350,202.4400,202.0000,202.4400,28400
1477668871,202.4083,202.5500,201.9100,202.1100,39300
1477669154,202.6500,202.7000,202.3196,202.4500,15200
1477669447,202.7100,202.7100,202.4019,202.6400,24700
1477669740,203.8500,203.8600,202.6500,202.6650,61600
1477670041,203.7687,204.0000,203.1100,203.7600,69200
1477670350,203.8000,204.4000,203.7597,203.7597,48400
1477670698,204.1700,204.3000,203.8000,203.8100,40200
1477670949,204.0700,204.3600,204.0000,204.2000,27200
1477671299,203.9229,204.1220,203.8000,204.0200,21800
1477671598,204.0000,204.0700,203.6900,203.9400,23700
1477671841,204.0946,204.2400,203.9500,204.0700,17000
1477672193,203.8125,204.3800,203.7800,204.0300,27300
1477672498,204.0187,204.0700,203.8100,203.8300,13200
1477672740,204.4100,204.4999,203.9500,203.9500,43700
1477673048,204.5800,204.6300,204.3000,204.3300,33300
1477673351,204.6861,204.8700,204.5870,204.6300,19400
1477673640,204.5445,204.7465,204.1900,204.6410,16800
1477673955,204.2062,204.5800,204.1800,204.4850,20200
1477674242,204.1350,204.4400,204.1350,204.3300,42100
1477674545,203.6700,204.2100,203.5500,204.2100,60500
1477674899,204.2200,204.2200,203.5020,203.6800,54000
1477675197,204.0100,204.2900,203.6700,204.2000,15300
1477675462,203.7500,204.1500,203.6700,204.0000,11600
1477675782,203.4300,203.8300,203.3500,203.6600,22700
1477676041,202.8400,203.3500,202.6800,203.3500,39400
1477676345,202.4200,202.8600,202.1200,202.8100,40200
1477676640,202.1200,202.4900,202.0000,202.3790,63600
1477676943,201.7800,202.2000,201.5000,202.1300,48200
1477677255,201.2300,201.6279,200.9000,201.6100,90300
1477677542,200.6100,201.4500,200.6100,201.2800,43400
1477677841,200.8700,201.1100,200.5700,200.6000,61300
1477678148,201.0900,201.2700,200.8200,200.9000,64500
1477678450,201.4200,201.4200,200.8501,201.1300,32200
1477678747,201.4200,201.6743,201.2800,201.3900,25900
1477679042,201.8900,201.8900,201.2233,201.3300,18900
1477679341,201.7500,202.2000,201.7350,201.9000,43000
1477679644,202.2200,202.3500,201.6000,201.8200,26700
1477679941,201.9000,202.3000,201.8400,202.3000,17400
1477680252,201.8300,201.9500,201.3100,201.9500,26100
1477680548,201.6100,201.9500,201.4900,201.7478,17100
1477680846,201.1910,201.6800,201.1900,201.5400,28300
1477681146,201.6800,201.7430,201.2350,201.2600,16600
1477681440,201.4100,201.7400,201.3500,201.6850,15400
1477681799,201.2171,201.3700,201.0700,201.3200,26900
1477682040,200.6100,201.2200,200.5700,201.1800,82200
1477682350,200.8800,200.8800,200.3900,200.6400,42300
1477682640,200.6300,200.8350,200.4400,200.8350,34500
1477682999,200.9300,200.9700,200.5200,200.5200,63900
1477683296,201.1000,201.1700,200.8500,200.9600,58100
1477683546,201.0138,201.1800,200.9400,201.1400,57400
1477683842,200.6950,201.0600,200.6700,200.9825,109300
1477684140,200.3300,200.7900,200.2500,200.7900,76000
1477684440,199.9272,200.6000,199.8300,200.3000,231000
1477684740,199.9600,200.1499,199.8300,199.9300,256300
1477684800,199.9700,200.0800,199.9700,200.0800,400
